Kết quả truy vấn cho index tách token gồm 1 từ, lấy top 5 kết quả trả về
mỗi dòng gồm 4 số: (x y z result), trong đó:
- x: trọng số của question.Title,
- y: trọng số của question.Body,
- z: trọng số của ans.Body,
- result: số lượng câu trả về có kết quả đúng 
    (kết quả đúng: câu trả lời mong muốn ứng với câu truy vấn nằm trong top 5 câu trả về từ hệ thống) 
    trong số 200 câu hỏi truy vấn lên hệ thống, khi dùng trọng số (x y z) cho các trường dữ liệu (question.Title, question.Body, ans.Body)
Một số truy vấn được lược bỏ khi các trọng số tỉ lệ với trọng số của truy vấn trước đó, vì cho kết quả giống nhau
    (ví dụ: (x y z) = (3 6 3) sẽ cho ra kết quả trùng với (x y z) = (1 2 1))
Kết quả tốt nhất: 96 - trọng số (9 2 1)

0 0 1 8
0 1 1 30
0 1 2 21
0 1 3 17
0 1 4 14
0 1 5 11
0 1 6 9
0 1 7 7
0 1 8 7
0 1 9 6
0 2 1 34
0 2 3 28
0 2 5 19
0 2 7 15
0 2 9 13
0 3 1 35
0 3 2 32
0 3 4 27
0 3 5 26
0 3 7 19
0 3 8 17
0 4 1 37
0 4 3 32
0 4 5 28
0 4 7 26
0 4 9 20
0 5 1 34
0 5 2 34
0 5 3 33
0 5 4 32
0 5 6 29
0 5 7 28
0 5 8 27
0 5 9 25
0 6 1 35
0 6 5 30
0 6 7 29
0 7 1 35
0 7 2 37
0 7 3 34
0 7 4 33
0 7 5 32
0 7 6 30
0 7 8 29
0 7 9 27
0 8 1 35
0 8 3 34
0 8 5 32
0 8 7 30
0 8 9 29
0 9 1 35
0 9 2 35
0 9 4 34
0 9 5 33
0 9 7 31
0 9 8 30
1 0 1 71
1 0 2 50
1 0 3 39
1 0 4 31
1 0 5 22
1 0 6 21
1 0 7 17
1 0 8 15
1 0 9 12
1 1 1 74
1 1 2 58
1 1 3 45
1 1 4 40
1 1 5 34
1 1 6 26
1 1 7 23
1 1 8 22
1 1 9 21
1 2 1 68
1 2 2 57
1 2 3 50
1 2 4 40
1 2 5 38
1 2 6 34
1 2 7 31
1 2 8 26
1 2 9 24
1 3 1 59
1 3 2 55
1 3 3 48
1 3 4 43
1 3 5 37
1 3 6 36
1 3 7 33
1 3 8 32
1 3 9 31
1 4 1 57
1 4 2 53
1 4 3 44
1 4 4 43
1 4 5 38
1 4 6 34
1 4 7 33
1 4 8 32
1 4 9 32
1 5 1 55
1 5 2 51
1 5 3 46
1 5 4 41
1 5 5 40
1 5 6 37
1 5 7 34
1 5 8 31
1 5 9 32
1 6 1 52
1 6 2 50
1 6 3 45
1 6 4 40
1 6 5 40
1 6 6 35
1 6 7 35
1 6 8 35
1 6 9 31
1 7 1 48
1 7 2 51
1 7 3 43
1 7 4 41
1 7 5 39
1 7 6 38
1 7 7 35
1 7 8 36
1 7 9 34
1 8 1 47
1 8 2 48
1 8 3 42
1 8 4 41
1 8 5 38
1 8 6 36
1 8 7 36
1 8 8 35
1 8 9 35
1 9 1 46
1 9 2 47
1 9 3 43
1 9 4 39
1 9 5 36
1 9 6 37
1 9 7 36
1 9 8 35
1 9 9 33
2 0 1 79
2 0 3 59
2 0 5 44
2 0 7 34
2 0 9 25
2 1 1 89
2 1 2 73
2 1 3 68
2 1 4 58
2 1 5 49
2 1 6 43
2 1 7 37
2 1 8 37
2 1 9 32
2 2 1 82
2 2 3 68
2 2 5 53
2 2 7 41
2 2 9 37
2 3 1 76
2 3 2 72
2 3 3 66
2 3 4 60
2 3 5 53
2 3 6 49
2 3 7 44
2 3 8 40
2 3 9 38
2 4 1 70
2 4 3 63
2 4 5 53
2 4 7 44
2 4 9 38
2 5 1 67
2 5 2 65
2 5 3 60
2 5 4 54
2 5 5 51
2 5 6 48
2 5 7 46
2 5 8 43
2 5 9 37
2 6 1 60
2 6 3 57
2 6 5 49
2 6 7 44
2 6 9 38
2 7 1 58
2 7 2 58
2 7 3 54
2 7 4 52
2 7 5 49
2 7 6 45
2 7 7 44
2 7 8 43
2 7 9 40
2 8 1 55
2 8 3 55
2 8 5 49
2 8 7 43
2 8 9 42
2 9 1 55
2 9 2 57
2 9 3 55
2 9 4 50
2 9 5 49
2 9 6 45
2 9 7 41
2 9 8 41
2 9 9 42
3 0 1 83
3 0 2 77
3 0 4 64
3 0 5 57
3 0 7 45
3 0 8 44
3 1 1 90
3 1 2 85
3 1 3 74
3 1 4 67
3 1 5 60
3 1 6 54
3 1 7 51
3 1 8 43
3 1 9 38
3 2 1 90
3 2 2 83
3 2 3 75
3 2 4 71
3 2 5 65
3 2 6 58
3 2 7 53
3 2 8 47
3 2 9 41
3 3 1 88
3 3 2 80
3 3 4 69
3 3 5 66
3 3 7 55
3 3 8 50
3 4 1 87
3 4 2 77
3 4 3 74
3 4 4 68
3 4 5 65
3 4 6 60
3 4 7 55
3 4 8 51
3 4 9 50
3 5 1 80
3 5 2 73
3 5 3 70
3 5 4 67
3 5 5 64
3 5 6 58
3 5 7 57
3 5 8 50
3 5 9 49
3 6 1 69
3 6 2 68
3 6 4 64
3 6 5 61
3 6 7 54
3 6 8 51
3 7 1 70
3 7 2 67
3 7 3 65
3 7 4 63
3 7 5 57
3 7 6 55
3 7 7 52
3 7 8 50
3 7 9 48
3 8 1 61
3 8 2 64
3 8 3 64
3 8 4 59
3 8 5 58
3 8 6 55
3 8 7 52
3 8 8 50
3 8 9 46
3 9 1 61
3 9 2 62
3 9 4 57
3 9 5 55
3 9 7 53
3 9 8 49
4 0 1 83
4 0 3 74
4 0 5 65
4 0 7 55
4 0 9 48
4 1 1 93
4 1 2 86
4 1 3 83
4 1 4 77
4 1 5 69
4 1 6 65
4 1 7 56
4 1 8 52
4 1 9 49
4 2 1 90
4 2 3 82
4 2 5 71
4 2 7 61
4 2 9 53
4 3 1 91
4 3 2 84
4 3 3 81
4 3 4 75
4 3 5 72
4 3 6 69
4 3 7 62
4 3 8 58
4 3 9 56
4 4 1 89
4 4 3 79
4 4 5 70
4 4 7 64
4 4 9 57
4 5 1 87
4 5 2 83
4 5 3 76
4 5 4 73
4 5 5 69
4 5 6 68
4 5 7 65
4 5 8 59
4 5 9 57
4 6 1 85
4 6 3 74
4 6 5 69
4 6 7 64
4 6 9 56
4 7 1 79
4 7 2 74
4 7 3 72
4 7 4 71
4 7 5 67
4 7 6 67
4 7 7 62
4 7 8 58
4 7 9 56
4 8 1 73
4 8 3 68
4 8 5 65
4 8 7 61
4 8 9 55
4 9 1 70
4 9 2 69
4 9 3 66
4 9 4 65
4 9 5 63
4 9 6 60
4 9 7 58
4 9 8 55
4 9 9 54
5 0 1 81
5 0 2 78
5 0 3 78
5 0 4 74
5 0 6 68
5 0 7 62
5 0 8 57
5 0 9 54
5 1 1 92
5 1 2 92
5 1 3 84
5 1 4 80
5 1 5 77
5 1 6 71
5 1 7 68
5 1 8 59
5 1 9 56
5 2 1 93
5 2 2 92
5 2 3 84
5 2 4 81
5 2 5 72
5 2 6 71
5 2 7 69
5 2 8 65
5 2 9 58
5 3 1 93
5 3 2 90
5 3 3 86
5 3 4 81
5 3 5 74
5 3 6 72
5 3 7 69
5 3 8 66
5 3 9 60
5 4 1 88
5 4 2 88
5 4 3 82
5 4 4 81
5 4 5 76
5 4 6 73
5 4 7 69
5 4 8 67
5 4 9 62
5 5 1 89
5 5 2 87
5 5 3 81
5 5 4 78
5 5 6 71
5 5 7 68
5 5 8 66
5 5 9 64
5 6 1 85
5 6 2 85
5 6 3 80
5 6 4 76
5 6 5 73
5 6 6 69
5 6 7 69
5 6 8 67
5 6 9 66
5 7 1 89
5 7 2 83
5 7 3 79
5 7 4 74
5 7 5 73
5 7 6 71
5 7 7 68
5 7 8 67
5 7 9 64
5 8 1 83
5 8 2 77
5 8 3 74
5 8 4 73
5 8 5 72
5 8 6 69
5 8 7 66
5 8 8 66
5 8 9 64
5 9 1 78
5 9 2 74
5 9 3 72
5 9 4 72
5 9 5 71
5 9 6 67
5 9 7 68
5 9 8 65
5 9 9 59
6 0 1 85
6 0 5 75
6 0 7 68
6 1 1 92
6 1 2 91
6 1 3 84
6 1 4 81
6 1 5 80
6 1 6 76
6 1 7 72
6 1 8 67
6 1 9 64
6 2 1 91
6 2 3 86
6 2 5 79
6 2 7 72
6 2 9 66
6 3 1 92
6 3 2 93
6 3 4 87
6 3 5 78
6 3 7 73
6 3 8 69
6 4 1 90
6 4 3 87
6 4 5 79
6 4 7 73
6 4 9 67
6 5 1 89
6 5 2 90
6 5 3 81
6 5 4 82
6 5 5 81
6 5 6 76
6 5 7 74
6 5 8 69
6 5 9 68
6 6 1 87
6 6 5 78
6 6 7 71
6 7 1 85
6 7 2 87
6 7 3 83
6 7 4 78
6 7 5 74
6 7 6 71
6 7 7 70
6 7 8 69
6 7 9 68
6 8 1 86
6 8 3 81
6 8 5 76
6 8 7 72
6 8 9 68
6 9 1 86
6 9 2 86
6 9 4 77
6 9 5 73
6 9 7 72
6 9 8 68
7 0 1 85
7 0 2 81
7 0 3 78
7 0 4 78
7 0 5 74
7 0 6 76
7 0 8 69
7 0 9 65
7 1 1 92
7 1 2 93
7 1 3 87
7 1 4 85
7 1 5 81
7 1 6 80
7 1 7 76
7 1 8 71
7 1 9 67
7 2 1 92
7 2 2 91
7 2 3 90
7 2 4 86
7 2 5 84
7 2 6 80
7 2 7 77
7 2 8 72
7 2 9 70
7 3 1 92
7 3 2 92
7 3 3 90
7 3 4 86
7 3 5 82
7 3 6 77
7 3 7 72
7 3 8 73
7 3 9 70
7 4 1 95
7 4 2 91
7 4 3 92
7 4 4 88
7 4 5 85
7 4 6 76
7 4 7 74
7 4 8 74
7 4 9 71
7 5 1 88
7 5 2 91
7 5 3 90
7 5 4 84
7 5 5 81
7 5 6 80
7 5 7 75
7 5 8 75
7 5 9 71
7 6 1 88
7 6 2 89
7 6 3 87
7 6 4 82
7 6 5 80
7 6 6 80
7 6 7 76
7 6 8 74
7 6 9 71
7 7 1 88
7 7 2 88
7 7 3 84
7 7 4 81
7 7 5 80
7 7 6 77
7 7 8 71
7 7 9 70
7 8 1 85
7 8 2 86
7 8 3 86
7 8 4 81
7 8 5 77
7 8 6 75
7 8 7 72
7 8 8 71
7 8 9 70
7 9 1 84
7 9 2 89
7 9 3 87
7 9 4 80
7 9 5 78
7 9 6 76
7 9 7 73
7 9 8 73
7 9 9 69
8 0 1 86
8 0 3 81
8 0 5 78
8 0 7 75
8 0 9 70
8 1 1 90
8 1 2 92
8 1 3 91
8 1 4 83
8 1 5 83
8 1 6 82
8 1 7 79
8 1 8 75
8 1 9 70
8 2 1 94
8 2 3 93
8 2 5 83
8 2 7 79
8 2 9 72
8 3 1 90
8 3 2 90
8 3 3 92
8 3 4 85
8 3 5 84
8 3 6 81
8 3 7 77
8 3 8 73
8 3 9 71
8 4 1 93
8 4 3 92
8 4 5 86
8 4 7 77
8 4 9 74
8 5 1 93
8 5 2 89
8 5 3 91
8 5 4 89
8 5 5 85
8 5 6 81
8 5 7 78
8 5 8 73
8 5 9 75
8 6 1 89
8 6 3 88
8 6 5 83
8 6 7 79
8 6 9 75
8 7 1 88
8 7 2 90
8 7 3 87
8 7 4 81
8 7 5 82
8 7 6 81
8 7 7 78
8 7 8 75
8 7 9 74
8 8 1 86
8 8 3 86
8 8 5 82
8 8 7 77
8 8 9 72
8 9 1 85
8 9 2 85
8 9 3 86
8 9 4 84
8 9 5 80
8 9 6 75
8 9 7 75
8 9 8 72
8 9 9 71
9 0 1 85
9 0 2 81
9 0 4 80
9 0 5 78
9 0 7 74
9 0 8 75
9 1 1 89
9 1 2 92
9 1 3 92
9 1 4 84
9 1 5 84
9 1 6 82
9 1 7 80
9 1 8 79
9 1 9 75
9 2 1 96
9 2 2 91
9 2 3 90
9 2 4 89
9 2 5 86
9 2 6 82
9 2 7 81
9 2 8 79
9 2 9 76
9 3 1 92
9 3 2 91
9 3 4 90
9 3 5 86
9 3 7 81
9 3 8 78
9 4 1 94
9 4 2 92
9 4 3 93
9 4 4 90
9 4 5 88
9 4 6 86
9 4 7 80
9 4 8 73
9 4 9 72
9 5 1 94
9 5 2 93
9 5 3 92
9 5 4 93
9 5 5 88
9 5 6 86
9 5 7 82
9 5 8 76
9 5 9 74
9 6 1 89
9 6 2 90
9 6 4 89
9 6 5 87
9 6 7 80
9 6 8 77
9 7 1 88
9 7 2 89
9 7 3 89
9 7 4 87
9 7 5 82
9 7 6 83
9 7 7 81
9 7 8 78
9 7 9 76
9 8 1 88
9 8 2 90
9 8 3 90
9 8 4 85
9 8 5 81
9 8 6 79
9 8 7 81
9 8 8 76
9 8 9 74
9 9 1 86
9 9 2 89
9 9 4 84
9 9 5 81
9 9 7 79
9 9 8 77
