Kết quả truy vấn cho index tách token gồm 3 từ, lấy top 5 kết quả trả về
mỗi dòng gồm 4 số: (x y z result), trong đó:
- x: trọng số của question.Title,
- y: trọng số của question.Body,
- z: trọng số của ans.Body,
- result: số lượng câu trả về có kết quả đúng 
    (kết quả đúng: câu trả lời mong muốn ứng với câu truy vấn nằm trong top 5 câu trả về từ hệ thống) 
    trong số 200 câu hỏi truy vấn lên hệ thống, khi dùng trọng số (x y z) cho các trường dữ liệu (question.Title, question.Body, ans.Body)
Một số truy vấn được lược bỏ khi các trọng số tỉ lệ với trọng số của truy vấn trước đó, vì cho kết quả giống nhau
    (ví dụ: (x y z) = (3 6 3) sẽ cho ra kết quả trùng với (x y z) = (1 2 1))
Kết quả tốt nhất: 58 - trọng số (6 1 1), (9 7 3)

0 0 1 3
0 1 1 30
0 1 2 16
0 1 3 8
0 1 4 7
0 1 5 6
0 1 6 5
0 1 7 5
0 1 8 5
0 1 9 5
0 2 1 30
0 2 3 22
0 2 5 13
0 2 7 8
0 2 9 7
0 3 1 30
0 3 2 31
0 3 4 23
0 3 5 21
0 3 7 14
0 3 8 14
0 4 1 30
0 4 3 30
0 4 5 25
0 4 7 20
0 4 9 14
0 5 1 30
0 5 2 30
0 5 3 30
0 5 4 30
0 5 6 25
0 5 7 23
0 5 8 22
0 5 9 19
0 6 1 27
0 6 5 30
0 6 7 27
0 7 1 27
0 7 2 30
0 7 3 30
0 7 4 30
0 7 5 30
0 7 6 30
0 7 8 27
0 7 9 24
0 8 1 28
0 8 3 30
0 8 5 30
0 8 7 30
0 8 9 28
0 9 1 28
0 9 2 30
0 9 4 30
0 9 5 30
0 9 7 30
0 9 8 30
1 0 1 38
1 0 2 19
1 0 3 12
1 0 4 9
1 0 5 6
1 0 6 6
1 0 7 4
1 0 8 4
1 0 9 4
1 1 1 47
1 1 2 35
1 1 3 27
1 1 4 18
1 1 5 12
1 1 6 10
1 1 7 8
1 1 8 6
1 1 9 6
1 2 1 42
1 2 2 40
1 2 3 33
1 2 4 26
1 2 5 22
1 2 6 17
1 2 7 13
1 2 8 10
1 2 9 8
1 3 1 38
1 3 2 37
1 3 3 36
1 3 4 32
1 3 5 26
1 3 6 22
1 3 7 20
1 3 8 16
1 3 9 14
1 4 1 35
1 4 2 35
1 4 3 36
1 4 4 34
1 4 5 32
1 4 6 27
1 4 7 23
1 4 8 20
1 4 9 18
1 5 1 34
1 5 2 34
1 5 3 35
1 5 4 35
1 5 5 34
1 5 6 31
1 5 7 27
1 5 8 25
1 5 9 22
1 6 1 34
1 6 2 34
1 6 3 34
1 6 4 35
1 6 5 34
1 6 6 34
1 6 7 32
1 6 8 26
1 6 9 25
1 7 1 34
1 7 2 34
1 7 3 33
1 7 4 34
1 7 5 34
1 7 6 34
1 7 7 34
1 7 8 30
1 7 9 26
1 8 1 34
1 8 2 33
1 8 3 33
1 8 4 33
1 8 5 34
1 8 6 34
1 8 7 34
1 8 8 33
1 8 9 32
1 9 1 33
1 9 2 33
1 9 3 32
1 9 4 32
1 9 5 33
1 9 6 34
1 9 7 33
1 9 8 33
1 9 9 33
2 0 1 51
2 0 3 26
2 0 5 14
2 0 7 9
2 0 9 8
2 1 1 54
2 1 2 47
2 1 3 38
2 1 4 29
2 1 5 26
2 1 6 16
2 1 7 13
2 1 8 12
2 1 9 10
2 2 1 48
2 2 3 41
2 2 5 31
2 2 7 22
2 2 9 12
2 3 1 43
2 3 2 43
2 3 3 42
2 3 4 36
2 3 5 35
2 3 6 29
2 3 7 26
2 3 8 23
2 3 9 20
2 4 1 41
2 4 3 41
2 4 5 34
2 4 7 29
2 4 9 24
2 5 1 39
2 5 2 40
2 5 3 39
2 5 4 38
2 5 5 37
2 5 6 34
2 5 7 33
2 5 8 30
2 5 9 27
2 6 1 36
2 6 3 36
2 6 5 37
2 6 7 34
2 6 9 30
2 7 1 35
2 7 2 38
2 7 3 36
2 7 4 36
2 7 5 36
2 7 6 35
2 7 7 34
2 7 8 34
2 7 9 32
2 8 1 35
2 8 3 35
2 8 5 36
2 8 7 35
2 8 9 35
2 9 1 35
2 9 2 35
2 9 3 34
2 9 4 35
2 9 5 35
2 9 6 36
2 9 7 35
2 9 8 34
2 9 9 34
3 0 1 52
3 0 2 52
3 0 4 30
3 0 5 23
3 0 7 14
3 0 8 13
3 1 1 56
3 1 2 54
3 1 3 48
3 1 4 37
3 1 5 30
3 1 6 27
3 1 7 24
3 1 8 16
3 1 9 14
3 2 1 55
3 2 2 56
3 2 3 48
3 2 4 40
3 2 5 36
3 2 6 32
3 2 7 28
3 2 8 24
3 2 9 20
3 3 1 50
3 3 2 48
3 3 4 42
3 3 5 39
3 3 7 31
3 3 8 28
3 4 1 44
3 4 2 43
3 4 3 44
3 4 4 43
3 4 5 40
3 4 6 35
3 4 7 35
3 4 8 30
3 4 9 29
3 5 1 41
3 5 2 42
3 5 3 43
3 5 4 43
3 5 5 41
3 5 6 36
3 5 7 34
3 5 8 35
3 5 9 30
3 6 1 40
3 6 2 42
3 6 4 41
3 6 5 41
3 6 7 36
3 6 8 34
3 7 1 38
3 7 2 40
3 7 3 39
3 7 4 39
3 7 5 39
3 7 6 39
3 7 7 37
3 7 8 36
3 7 9 33
3 8 1 38
3 8 2 40
3 8 3 40
3 8 4 38
3 8 5 38
3 8 6 37
3 8 7 37
3 8 8 36
3 8 9 36
3 9 1 36
3 9 2 38
3 9 4 37
3 9 5 37
3 9 7 37
3 9 8 36
4 0 1 52
4 0 3 48
4 0 5 31
4 0 7 21
4 0 9 17
4 1 1 56
4 1 2 56
4 1 3 53
4 1 4 47
4 1 5 39
4 1 6 32
4 1 7 28
4 1 8 27
4 1 9 21
4 2 1 55
4 2 3 54
4 2 5 43
4 2 7 31
4 2 9 26
4 3 1 57
4 3 2 57
4 3 3 55
4 3 4 48
4 3 5 43
4 3 6 39
4 3 7 36
4 3 8 33
4 3 9 29
4 4 1 49
4 4 3 48
4 4 5 43
4 4 7 38
4 4 9 32
4 5 1 44
4 5 2 44
4 5 3 45
4 5 4 45
4 5 5 44
4 5 6 40
4 5 7 38
4 5 8 36
4 5 9 35
4 6 1 41
4 6 3 44
4 6 5 43
4 6 7 40
4 6 9 35
4 7 1 41
4 7 2 42
4 7 3 43
4 7 4 43
4 7 5 43
4 7 6 42
4 7 7 41
4 7 8 37
4 7 9 34
4 8 1 40
4 8 3 42
4 8 5 41
4 8 7 41
4 8 9 38
4 9 1 38
4 9 2 39
4 9 3 40
4 9 4 40
4 9 5 40
4 9 6 39
4 9 7 39
4 9 8 39
4 9 9 37
5 0 1 51
5 0 2 52
5 0 3 52
5 0 4 48
5 0 6 32
5 0 7 28
5 0 8 24
5 0 9 20
5 1 1 57
5 1 2 56
5 1 3 54
5 1 4 53
5 1 5 46
5 1 6 40
5 1 7 32
5 1 8 30
5 1 9 27
5 2 1 54
5 2 2 56
5 2 3 52
5 2 4 53
5 2 5 47
5 2 6 41
5 2 7 37
5 2 8 32
5 2 9 30
5 3 1 53
5 3 2 54
5 3 3 56
5 3 4 54
5 3 5 48
5 3 6 46
5 3 7 40
5 3 8 37
5 3 9 33
5 4 1 53
5 4 2 54
5 4 3 53
5 4 4 52
5 4 5 47
5 4 6 45
5 4 7 41
5 4 8 39
5 4 9 36
5 5 1 47
5 5 2 49
5 5 3 48
5 5 4 47
5 5 6 44
5 5 7 41
5 5 8 39
5 5 9 38
5 6 1 45
5 6 2 47
5 6 3 47
5 6 4 46
5 6 5 46
5 6 6 44
5 6 7 41
5 6 8 41
5 6 9 38
5 7 1 42
5 7 2 45
5 7 3 43
5 7 4 44
5 7 5 43
5 7 6 44
5 7 7 43
5 7 8 41
5 7 9 40
5 8 1 40
5 8 2 41
5 8 3 42
5 8 4 43
5 8 5 43
5 8 6 43
5 8 7 43
5 8 8 41
5 8 9 41
5 9 1 41
5 9 2 41
5 9 3 43
5 9 4 43
5 9 5 43
5 9 6 43
5 9 7 43
5 9 8 41
5 9 9 41
6 0 1 51
6 0 5 46
6 0 7 32
6 1 1 58
6 1 2 55
6 1 3 55
6 1 4 52
6 1 5 51
6 1 6 45
6 1 7 40
6 1 8 34
6 1 9 30
6 2 1 56
6 2 3 57
6 2 5 55
6 2 7 43
6 2 9 33
6 3 1 54
6 3 2 55
6 3 4 54
6 3 5 54
6 3 7 44
6 3 8 40
6 4 1 55
6 4 3 57
6 4 5 53
6 4 7 47
6 4 9 39
6 5 1 52
6 5 2 55
6 5 3 53
6 5 4 52
6 5 5 51
6 5 6 48
6 5 7 46
6 5 8 42
6 5 9 39
6 6 1 47
6 6 5 47
6 6 7 45
6 7 1 45
6 7 2 48
6 7 3 47
6 7 4 47
6 7 5 46
6 7 6 46
6 7 7 45
6 7 8 44
6 7 9 41
6 8 1 43
6 8 3 43
6 8 5 44
6 8 7 44
6 8 9 41
6 9 1 40
6 9 2 41
6 9 4 43
6 9 5 44
6 9 7 43
6 9 8 43
7 0 1 51
7 0 2 52
7 0 3 52
7 0 4 51
7 0 5 52
7 0 6 44
7 0 8 32
7 0 9 31
7 1 1 57
7 1 2 56
7 1 3 54
7 1 4 55
7 1 5 52
7 1 6 49
7 1 7 45
7 1 8 41
7 1 9 34
7 2 1 56
7 2 2 56
7 2 3 57
7 2 4 55
7 2 5 54
7 2 6 52
7 2 7 48
7 2 8 44
7 2 9 38
7 3 1 54
7 3 2 55
7 3 3 55
7 3 4 53
7 3 5 53
7 3 6 51
7 3 7 47
7 3 8 43
7 3 9 40
7 4 1 53
7 4 2 53
7 4 3 54
7 4 4 56
7 4 5 55
7 4 6 52
7 4 7 48
7 4 8 46
7 4 9 43
7 5 1 56
7 5 2 57
7 5 3 57
7 5 4 57
7 5 5 55
7 5 6 52
7 5 7 48
7 5 8 47
7 5 9 41
7 6 1 50
7 6 2 53
7 6 3 51
7 6 4 51
7 6 5 51
7 6 6 50
7 6 7 48
7 6 8 47
7 6 9 43
7 7 1 46
7 7 2 49
7 7 3 49
7 7 4 48
7 7 5 48
7 7 6 47
7 7 8 45
7 7 9 43
7 8 1 45
7 8 2 48
7 8 3 47
7 8 4 47
7 8 5 46
7 8 6 46
7 8 7 46
7 8 8 45
7 8 9 44
7 9 1 43
7 9 2 44
7 9 3 44
7 9 4 44
7 9 5 45
7 9 6 46
7 9 7 45
7 9 8 45
7 9 9 44
8 0 1 51
8 0 3 52
8 0 5 53
8 0 7 42
8 0 9 33
8 1 1 56
8 1 2 56
8 1 3 53
8 1 4 54
8 1 5 54
8 1 6 52
8 1 7 49
8 1 8 44
8 1 9 41
8 2 1 56
8 2 3 55
8 2 5 53
8 2 7 52
8 2 9 43
8 3 1 56
8 3 2 56
8 3 3 56
8 3 4 56
8 3 5 53
8 3 6 54
8 3 7 52
8 3 8 48
8 3 9 42
8 4 1 54
8 4 3 54
8 4 5 55
8 4 7 52
8 4 9 45
8 5 1 54
8 5 2 54
8 5 3 54
8 5 4 56
8 5 5 56
8 5 6 54
8 5 7 51
8 5 8 48
8 5 9 47
8 6 1 56
8 6 3 56
8 6 5 55
8 6 7 52
8 6 9 48
8 7 1 50
8 7 2 52
8 7 3 52
8 7 4 51
8 7 5 51
8 7 6 50
8 7 7 50
8 7 8 48
8 7 9 47
8 8 1 46
8 8 3 50
8 8 5 48
8 8 7 47
8 8 9 45
8 9 1 45
8 9 2 46
8 9 3 49
8 9 4 47
8 9 5 47
8 9 6 46
8 9 7 46
8 9 8 46
8 9 9 45
9 0 1 51
9 0 2 52
9 0 4 52
9 0 5 51
9 0 7 48
9 0 8 42
9 1 1 56
9 1 2 56
9 1 3 53
9 1 4 53
9 1 5 54
9 1 6 54
9 1 7 52
9 1 8 49
9 1 9 44
9 2 1 57
9 2 2 56
9 2 3 55
9 2 4 56
9 2 5 56
9 2 6 53
9 2 7 54
9 2 8 52
9 2 9 47
9 3 1 56
9 3 2 56
9 3 4 56
9 3 5 56
9 3 7 55
9 3 8 53
9 4 1 54
9 4 2 53
9 4 3 55
9 4 4 55
9 4 5 54
9 4 6 53
9 4 7 54
9 4 8 51
9 4 9 47
9 5 1 53
9 5 2 53
9 5 3 53
9 5 4 54
9 5 5 56
9 5 6 55
9 5 7 54
9 5 8 52
9 5 9 49
9 6 1 55
9 6 2 55
9 6 4 57
9 6 5 57
9 6 7 54
9 6 8 51
9 7 1 56
9 7 2 57
9 7 3 58
9 7 4 56
9 7 5 56
9 7 6 55
9 7 7 54
9 7 8 52
9 7 9 48
9 8 1 49
9 8 2 51
9 8 3 52
9 8 4 49
9 8 5 49
9 8 6 49
9 8 7 48
9 8 8 48
9 8 9 47
9 9 1 46
9 9 2 48
9 9 4 49
9 9 5 48
9 9 7 48
9 9 8 47
