Kết quả truy vấn cho index tách token gồm 1-2-3 từ, lấy top 5 kết quả trả về
mỗi dòng gồm 4 số: (x y z result), trong đó:
- x: trọng số của question.Title,
- y: trọng số của question.Body,
- z: trọng số của ans.Body,
- result: số lượng câu trả về có kết quả đúng 
    (kết quả đúng: câu trả lời mong muốn ứng với câu truy vấn nằm trong top 5 câu trả về từ hệ thống) 
    trong số 200 câu hỏi truy vấn lên hệ thống, khi dùng trọng số (x y z) cho các trường dữ liệu (question.Title, question.Body, ans.Body)
Một số truy vấn được lược bỏ khi các trọng số tỉ lệ với trọng số của truy vấn trước đó, vì cho kết quả giống nhau
    (ví dụ: (x y z) = (3 6 3) sẽ cho ra kết quả giống với (x y z) = (1 2 1))
Kết quả tốt nhất: 90 - trọng số (6 1 1), (8 2 1), (9 2 1)

0 0 1 8
0 1 0 25
0 1 1 23
0 1 2 18
0 1 3 19
0 1 4 17
0 1 5 16
0 1 6 16
0 1 7 15
0 1 8 15
0 1 9 13
0 2 1 28
0 2 3 19
0 2 5 19
0 2 7 18
0 2 9 17
0 3 1 29
0 3 2 27
0 3 4 21
0 3 5 18
0 3 7 19
0 3 8 19
0 4 1 29
0 4 3 25
0 4 5 23
0 4 7 18
0 4 9 19
0 5 1 29
0 5 2 28
0 5 3 29
0 5 4 23
0 5 6 23
0 5 7 20
0 5 8 20
0 5 9 19
0 6 1 29
0 6 5 23
0 6 7 23
0 7 1 28
0 7 2 29
0 7 3 28
0 7 4 29
0 7 5 26
0 7 6 23
0 7 8 23
0 7 9 23
0 8 1 28
0 8 3 29
0 8 5 28
0 8 7 23
0 8 9 23
0 9 1 28
0 9 2 29
0 9 4 28
0 9 5 29
0 9 7 25
0 9 8 23
1 0 0 76
1 0 1 73
1 0 2 56
1 0 3 50
1 0 4 41
1 0 5 33
1 0 6 26
1 0 7 26
1 0 8 24
1 0 9 22
1 1 0 71
1 1 1 80
1 1 2 59
1 1 3 50
1 1 4 43
1 1 5 39
1 1 6 36
1 1 7 29
1 1 8 26
1 1 9 22
1 2 0 58
1 2 1 68
1 2 2 56
1 2 3 50
1 2 4 44
1 2 5 42
1 2 6 40
1 2 7 38
1 2 8 35
1 2 9 29
1 3 0 51
1 3 1 58
1 3 2 56
1 3 3 49
1 3 4 43
1 3 5 41
1 3 6 39
1 3 7 39
1 3 8 36
1 3 9 33
1 4 0 51
1 4 1 55
1 4 2 54
1 4 3 48
1 4 4 44
1 4 5 42
1 4 6 40
1 4 7 39
1 4 8 38
1 4 9 37
1 5 0 47
1 5 1 56
1 5 2 54
1 5 3 47
1 5 4 40
1 5 5 40
1 5 6 39
1 5 7 38
1 5 8 38
1 5 9 36
1 6 0 47
1 6 1 53
1 6 2 51
1 6 3 48
1 6 4 43
1 6 5 38
1 6 6 39
1 6 7 37
1 6 8 35
1 6 9 36
1 7 0 46
1 7 1 49
1 7 2 50
1 7 3 44
1 7 4 42
1 7 5 40
1 7 6 38
1 7 7 37
1 7 8 37
1 7 9 34
1 8 0 44
1 8 1 47
1 8 2 50
1 8 3 45
1 8 4 42
1 8 5 42
1 8 6 37
1 8 7 38
1 8 8 35
1 8 9 35
1 9 0 43
1 9 1 47
1 9 2 48
1 9 3 46
1 9 4 44
1 9 5 41
1 9 6 39
1 9 7 35
1 9 8 34
1 9 9 34
2 0 1 77
2 0 3 62
2 0 5 56
2 0 7 44
2 0 9 36
2 1 0 79
2 1 1 88
2 1 2 77
2 1 3 68
2 1 4 64
2 1 5 59
2 1 6 49
2 1 7 45
2 1 8 42
2 1 9 38
2 2 1 78
2 2 3 72
2 2 5 54
2 2 7 45
2 2 9 41
2 3 0 63
2 3 1 72
2 3 2 74
2 3 3 72
2 3 4 59
2 3 5 53
2 3 6 53
2 3 7 45
2 3 8 43
2 3 9 41
2 4 1 66
2 4 3 65
2 4 5 53
2 4 7 45
2 4 9 43
2 5 0 55
2 5 1 59
2 5 2 61
2 5 3 64
2 5 4 56
2 5 5 52
2 5 6 50
2 5 7 45
2 5 8 42
2 5 9 42
2 6 1 58
2 6 3 59
2 6 5 48
2 6 7 46
2 6 9 41
2 7 0 50
2 7 1 56
2 7 2 59
2 7 3 58
2 7 4 53
2 7 5 51
2 7 6 47
2 7 7 47
2 7 8 44
2 7 9 42
2 8 1 58
2 8 3 59
2 8 5 52
2 8 7 45
2 8 9 42
2 9 0 49
2 9 1 56
2 9 2 55
2 9 3 58
2 9 4 55
2 9 5 51
2 9 6 46
2 9 7 45
2 9 8 43
2 9 9 42
3 0 1 79
3 0 2 77
3 0 4 64
3 0 5 61
3 0 7 56
3 0 8 51
3 1 0 83
3 1 1 88
3 1 2 85
3 1 3 77
3 1 4 70
3 1 5 65
3 1 6 59
3 1 7 59
3 1 8 56
3 1 9 48
3 2 0 75
3 2 1 84
3 2 2 84
3 2 3 77
3 2 4 72
3 2 5 67
3 2 6 62
3 2 7 59
3 2 8 53
3 2 9 49
3 3 1 80
3 3 2 78
3 3 4 73
3 3 5 69
3 3 7 57
3 3 8 53
3 4 0 66
3 4 1 76
3 4 2 72
3 4 3 75
3 4 4 76
3 4 5 67
3 4 6 59
3 4 7 57
3 4 8 51
3 4 9 49
3 5 0 64
3 5 1 70
3 5 2 72
3 5 3 71
3 5 4 70
3 5 5 64
3 5 6 56
3 5 7 53
3 5 8 52
3 5 9 49
3 6 1 68
3 6 2 66
3 6 4 69
3 6 5 64
3 6 7 54
3 6 8 52
3 7 0 55
3 7 1 60
3 7 2 63
3 7 3 62
3 7 4 66
3 7 5 61
3 7 6 56
3 7 7 54
3 7 8 51
3 7 9 50
3 8 0 55
3 8 1 55
3 8 2 60
3 8 3 61
3 8 4 64
3 8 5 57
3 8 6 55
3 8 7 52
3 8 8 49
3 8 9 48
3 9 1 56
3 9 2 56
3 9 4 59
3 9 5 57
3 9 7 55
3 9 8 47
4 0 1 77
4 0 3 78
4 0 5 66
4 0 7 60
4 0 9 56
4 1 0 86
4 1 1 88
4 1 2 88
4 1 3 81
4 1 4 75
4 1 5 71
4 1 6 69
4 1 7 65
4 1 8 60
4 1 9 60
4 2 1 85
4 2 3 82
4 2 5 70
4 2 7 64
4 2 9 60
4 3 0 73
4 3 1 83
4 3 2 87
4 3 3 83
4 3 4 78
4 3 5 75
4 3 6 69
4 3 7 65
4 3 8 62
4 3 9 59
4 4 1 80
4 4 3 81
4 4 5 75
4 4 7 67
4 4 9 58
4 5 0 69
4 5 1 76
4 5 2 75
4 5 3 76
4 5 4 75
4 5 5 78
4 5 6 74
4 5 7 65
4 5 8 60
4 5 9 54
4 6 1 73
4 6 3 74
4 6 5 72
4 6 7 63
4 6 9 54
4 7 0 63
4 7 1 69
4 7 2 67
4 7 3 70
4 7 4 69
4 7 5 71
4 7 6 68
4 7 7 61
4 7 8 58
4 7 9 53
4 8 1 65
4 8 3 64
4 8 5 71
4 8 7 63
4 8 9 56
4 9 0 55
4 9 1 60
4 9 2 62
4 9 3 63
4 9 4 64
4 9 5 67
4 9 6 62
4 9 7 59
4 9 8 55
4 9 9 55
5 0 1 80
5 0 2 80
5 0 3 76
5 0 4 76
5 0 6 67
5 0 7 63
5 0 8 62
5 0 9 59
5 1 0 85
5 1 1 88
5 1 2 87
5 1 3 83
5 1 4 79
5 1 5 76
5 1 6 71
5 1 7 68
5 1 8 67
5 1 9 62
5 2 0 82
5 2 1 85
5 2 2 85
5 2 3 86
5 2 4 80
5 2 5 77
5 2 6 72
5 2 7 70
5 2 8 66
5 2 9 64
5 3 0 77
5 3 1 84
5 3 2 86
5 3 3 85
5 3 4 81
5 3 5 77
5 3 6 73
5 3 7 68
5 3 8 68
5 3 9 63
5 4 0 73
5 4 1 82
5 4 2 86
5 4 3 83
5 4 4 81
5 4 5 80
5 4 6 75
5 4 7 73
5 4 8 71
5 4 9 65
5 5 1 79
5 5 2 80
5 5 3 79
5 5 4 79
5 5 6 76
5 5 7 72
5 5 8 70
5 5 9 67
5 6 0 70
5 6 1 77
5 6 2 76
5 6 3 74
5 6 4 78
5 6 5 76
5 6 6 78
5 6 7 72
5 6 8 69
5 6 9 63
5 7 0 64
5 7 1 73
5 7 2 73
5 7 3 72
5 7 4 74
5 7 5 74
5 7 6 76
5 7 7 75
5 7 8 69
5 7 9 63
5 8 0 64
5 8 1 69
5 8 2 71
5 8 3 71
5 8 4 71
5 8 5 74
5 8 6 72
5 8 7 72
5 8 8 67
5 8 9 60
5 9 0 63
5 9 1 66
5 9 2 68
5 9 3 66
5 9 4 70
5 9 5 69
5 9 6 68
5 9 7 69
5 9 8 65
5 9 9 60
6 0 1 79
6 0 5 77
6 0 7 68
6 1 0 86
6 1 1 90
6 1 2 88
6 1 3 86
6 1 4 82
6 1 5 79
6 1 6 74
6 1 7 72
6 1 8 69
6 1 9 68
6 2 1 87
6 2 3 87
6 2 5 78
6 2 7 72
6 2 9 70
6 3 1 82
6 3 2 85
6 3 4 84
6 3 5 80
6 3 7 73
6 3 8 68
6 4 1 83
6 4 3 84
6 4 5 80
6 4 7 74
6 4 9 69
6 5 0 73
6 5 1 81
6 5 2 83
6 5 3 86
6 5 4 82
6 5 5 80
6 5 6 81
6 5 7 78
6 5 8 74
6 5 9 71
6 6 1 79
6 6 5 79
6 6 7 77
6 7 0 70
6 7 1 76
6 7 2 76
6 7 3 75
6 7 4 75
6 7 5 77
6 7 6 77
6 7 7 79
6 7 8 73
6 7 9 72
6 8 1 74
6 8 3 73
6 8 5 75
6 8 7 77
6 8 9 75
6 9 1 71
6 9 2 72
6 9 4 72
6 9 5 73
6 9 7 74
6 9 8 72
7 0 1 79
7 0 2 80
7 0 3 80
7 0 4 75
7 0 5 78
7 0 6 76
7 0 8 68
7 0 9 65
7 1 0 84
7 1 1 87
7 1 2 84
7 1 3 88
7 1 4 84
7 1 5 79
7 1 6 77
7 1 7 74
7 1 8 73
7 1 9 69
7 2 0 85
7 2 1 88
7 2 2 87
7 2 3 88
7 2 4 87
7 2 5 81
7 2 6 78
7 2 7 75
7 2 8 74
7 2 9 70
7 3 0 80
7 3 1 85
7 3 2 84
7 3 3 84
7 3 4 87
7 3 5 85
7 3 6 80
7 3 7 77
7 3 8 74
7 3 9 69
7 4 0 77
7 4 1 83
7 4 2 85
7 4 3 85
7 4 4 86
7 4 5 83
7 4 6 78
7 4 7 77
7 4 8 74
7 4 9 70
7 5 0 74
7 5 1 81
7 5 2 86
7 5 3 85
7 5 4 85
7 5 5 82
7 5 6 81
7 5 7 78
7 5 8 76
7 5 9 75
7 6 0 73
7 6 1 78
7 6 2 82
7 6 3 87
7 6 4 83
7 6 5 81
7 6 6 81
7 6 7 81
7 6 8 79
7 6 9 74
7 7 1 77
7 7 2 82
7 7 3 78
7 7 4 78
7 7 5 80
7 7 6 78
7 7 8 79
7 7 9 75
7 8 0 70
7 8 1 75
7 8 2 78
7 8 3 77
7 8 4 75
7 8 5 78
7 8 6 78
7 8 7 76
7 8 8 78
7 8 9 76
7 9 0 68
7 9 1 75
7 9 2 75
7 9 3 73
7 9 4 73
7 9 5 76
7 9 6 75
7 9 7 76
7 9 8 76
7 9 9 75
8 0 1 79
8 0 3 82
8 0 5 76
8 0 7 74
8 0 9 69
8 1 0 82
8 1 1 85
8 1 2 86
8 1 3 86
8 1 4 85
8 1 5 84
8 1 6 79
8 1 7 76
8 1 8 74
8 1 9 72
8 2 1 90
8 2 3 87
8 2 5 86
8 2 7 78
8 2 9 74
8 3 0 84
8 3 1 87
8 3 2 88
8 3 3 85
8 3 4 87
8 3 5 86
8 3 6 81
8 3 7 79
8 3 8 78
8 3 9 74
8 4 1 81
8 4 3 86
8 4 5 85
8 4 7 79
8 4 9 73
8 5 0 77
8 5 1 83
8 5 2 84
8 5 3 85
8 5 4 85
8 5 5 84
8 5 6 81
8 5 7 80
8 5 8 76
8 5 9 74
8 6 1 79
8 6 3 85
8 6 5 86
8 6 7 79
8 6 9 79
8 7 0 73
8 7 1 77
8 7 2 83
8 7 3 84
8 7 4 85
8 7 5 83
8 7 6 81
8 7 7 80
8 7 8 81
8 7 9 80
8 8 1 77
8 8 3 80
8 8 5 78
8 8 7 77
8 8 9 79
8 9 0 71
8 9 1 76
8 9 2 79
8 9 3 76
8 9 4 76
8 9 5 76
8 9 6 79
8 9 7 78
8 9 8 77
8 9 9 78
9 0 1 78
9 0 2 79
9 0 4 81
9 0 5 76
9 0 7 76
9 0 8 76
9 1 0 82
9 1 1 83
9 1 2 86
9 1 3 83
9 1 4 84
9 1 5 83
9 1 6 83
9 1 7 79
9 1 8 77
9 1 9 75
9 2 0 86
9 2 1 90
9 2 2 87
9 2 3 88
9 2 4 87
9 2 5 85
9 2 6 84
9 2 7 79
9 2 8 78
9 2 9 75
9 3 1 87
9 3 2 89
9 3 4 87
9 3 5 88
9 3 7 80
9 3 8 78
9 4 0 81
9 4 1 84
9 4 2 84
9 4 3 84
9 4 4 85
9 4 5 87
9 4 6 86
9 4 7 80
9 4 8 80
9 4 9 77
9 5 0 77
9 5 1 81
9 5 2 85
9 5 3 84
9 5 4 86
9 5 5 87
9 5 6 84
9 5 7 80
9 5 8 78
9 5 9 78
9 6 1 79
9 6 2 83
9 6 4 86
9 6 5 84
9 6 7 81
9 6 8 79
9 7 0 73
9 7 1 78
9 7 2 83
9 7 3 85
9 7 4 87
9 7 5 84
9 7 6 84
9 7 7 82
9 7 8 80
9 7 9 79
9 8 0 74
9 8 1 76
9 8 2 80
9 8 3 83
9 8 4 87
9 8 5 81
9 8 6 80
9 8 7 81
9 8 8 80
9 8 9 82
9 9 1 76
9 9 2 80
9 9 4 78
9 9 5 78
9 9 7 81
9 9 8 76
