Kết quả truy vấn cho index tách token gồm 1-2-3 từ, lấy top 5 kết quả trả về
mỗi dòng gồm 4 số: (x y z result), trong đó:
- x: trọng số của question.Title,
- y: trọng số của question.Body,
- z: trọng số của ans.Body,
- result: số lượng câu trả về có kết quả đúng 
    (kết quả đúng: câu trả lời mong muốn ứng với câu truy vấn nằm trong top 5 câu trả về từ hệ thống) 
    trong số 200 câu hỏi truy vấn lên hệ thống, khi dùng trọng số (x y z) cho các trường dữ liệu (question.Title, question.Body, ans.Body)
Một số truy vấn được lược bỏ khi các trọng số tỉ lệ với trọng số của truy vấn trước đó, vì cho kết quả giống nhau
    (ví dụ: (x y z) = (3 6 3) sẽ cho ra kết quả giống với (x y z) = (1 2 1))
Kết quả tốt nhất: 97 - trọng số (4 1 1), (7 2 2), (9 2 2)

0 0 1 7
0 1 0 25
0 1 1 27
0 1 2 19
0 1 3 17
0 1 4 16
0 1 5 16
0 1 6 14
0 1 7 13
0 1 8 10
0 1 9 9
0 2 1 31
0 2 3 22
0 2 5 19
0 2 7 15
0 2 9 16
0 3 1 31
0 3 2 29
0 3 4 24
0 3 5 22
0 3 7 18
0 3 8 19
0 4 1 34
0 4 3 29
0 4 5 24
0 4 7 20
0 4 9 17
0 5 1 36
0 5 2 31
0 5 3 29
0 5 4 28
0 5 6 27
0 5 7 24
0 5 8 22
0 5 9 20
0 6 1 36
0 6 5 28
0 6 7 27
0 7 1 33
0 7 2 35
0 7 3 30
0 7 4 30
0 7 5 29
0 7 6 28
0 7 8 27
0 7 9 24
0 8 1 32
0 8 3 31
0 8 5 29
0 8 7 28
0 8 9 27
0 9 1 32
0 9 2 34
0 9 4 30
0 9 5 30
0 9 7 29
0 9 8 28
1 0 0 76
1 0 1 75
1 0 2 60
1 0 3 50
1 0 4 39
1 0 5 33
1 0 6 30
1 0 7 21
1 0 8 16
1 0 9 16
1 1 0 79
1 1 1 82
1 1 2 64
1 1 3 48
1 1 4 43
1 1 5 39
1 1 6 34
1 1 7 32
1 1 8 27
1 1 9 25
1 2 0 63
1 2 1 75
1 2 2 62
1 2 3 50
1 2 4 45
1 2 5 43
1 2 6 39
1 2 7 37
1 2 8 33
1 2 9 27
1 3 0 57
1 3 1 59
1 3 2 56
1 3 3 49
1 3 4 43
1 3 5 44
1 3 6 39
1 3 7 37
1 3 8 34
1 3 9 32
1 4 0 54
1 4 1 59
1 4 2 56
1 4 3 47
1 4 4 43
1 4 5 42
1 4 6 40
1 4 7 38
1 4 8 36
1 4 9 35
1 5 0 51
1 5 1 55
1 5 2 51
1 5 3 46
1 5 4 45
1 5 5 41
1 5 6 41
1 5 7 39
1 5 8 36
1 5 9 35
1 6 0 48
1 6 1 54
1 6 2 49
1 6 3 47
1 6 4 43
1 6 5 39
1 6 6 38
1 6 7 40
1 6 8 38
1 6 9 35
1 7 0 47
1 7 1 52
1 7 2 50
1 7 3 45
1 7 4 43
1 7 5 41
1 7 6 36
1 7 7 38
1 7 8 38
1 7 9 35
1 8 0 44
1 8 1 50
1 8 2 49
1 8 3 46
1 8 4 43
1 8 5 42
1 8 6 40
1 8 7 36
1 8 8 37
1 8 9 37
1 9 0 44
1 9 1 50
1 9 2 48
1 9 3 47
1 9 4 44
1 9 5 41
1 9 6 42
1 9 7 36
1 9 8 35
1 9 9 35
2 0 1 86
2 0 3 63
2 0 5 55
2 0 7 42
2 0 9 34
2 1 0 86
2 1 1 91
2 1 2 81
2 1 3 70
2 1 4 65
2 1 5 55
2 1 6 49
2 1 7 46
2 1 8 41
2 1 9 36
2 2 1 87
2 2 3 75
2 2 5 61
2 2 7 45
2 2 9 41
2 3 0 67
2 3 1 78
2 3 2 82
2 3 3 78
2 3 4 65
2 3 5 59
2 3 6 53
2 3 7 48
2 3 8 47
2 3 9 45
2 4 1 70
2 4 3 69
2 4 5 54
2 4 7 46
2 4 9 44
2 5 0 61
2 5 1 66
2 5 2 68
2 5 3 66
2 5 4 60
2 5 5 55
2 5 6 49
2 5 7 45
2 5 8 46
2 5 9 46
2 6 1 62
2 6 3 64
2 6 5 53
2 6 7 47
2 6 9 45
2 7 0 55
2 7 1 61
2 7 2 58
2 7 3 57
2 7 4 57
2 7 5 50
2 7 6 48
2 7 7 46
2 7 8 43
2 7 9 43
2 8 1 56
2 8 3 57
2 8 5 52
2 8 7 47
2 8 9 42
2 9 0 52
2 9 1 57
2 9 2 57
2 9 3 57
2 9 4 51
2 9 5 49
2 9 6 47
2 9 7 45
2 9 8 45
2 9 9 43
3 0 1 87
3 0 2 81
3 0 4 65
3 0 5 60
3 0 7 58
3 0 8 53
3 1 0 88
3 1 1 93
3 1 2 88
3 1 3 78
3 1 4 71
3 1 5 67
3 1 6 63
3 1 7 59
3 1 8 54
3 1 9 50
3 2 0 81
3 2 1 88
3 2 2 87
3 2 3 77
3 2 4 74
3 2 5 68
3 2 6 65
3 2 7 61
3 2 8 50
3 2 9 48
3 3 1 85
3 3 2 82
3 3 4 77
3 3 5 71
3 3 7 62
3 3 8 55
3 4 0 72
3 4 1 83
3 4 2 80
3 4 3 82
3 4 4 76
3 4 5 73
3 4 6 66
3 4 7 61
3 4 8 56
3 4 9 54
3 5 0 65
3 5 1 72
3 5 2 78
3 5 3 81
3 5 4 76
3 5 5 69
3 5 6 63
3 5 7 58
3 5 8 55
3 5 9 50
3 6 1 68
3 6 2 72
3 6 4 71
3 6 5 66
3 6 7 56
3 6 8 53
3 7 0 62
3 7 1 67
3 7 2 69
3 7 3 70
3 7 4 68
3 7 5 67
3 7 6 60
3 7 7 57
3 7 8 53
3 7 9 51
3 8 0 61
3 8 1 63
3 8 2 63
3 8 3 64
3 8 4 66
3 8 5 63
3 8 6 58
3 8 7 54
3 8 8 53
3 8 9 50
3 9 1 60
3 9 2 62
3 9 4 62
3 9 5 61
3 9 7 54
3 9 8 52
4 0 1 85
4 0 3 81
4 0 5 66
4 0 7 60
4 0 9 59
4 1 0 87
4 1 1 97
4 1 2 91
4 1 3 84
4 1 4 79
4 1 5 71
4 1 6 67
4 1 7 66
4 1 8 60
4 1 9 59
4 2 1 88
4 2 3 87
4 2 5 76
4 2 7 67
4 2 9 62
4 3 0 79
4 3 1 88
4 3 2 88
4 3 3 85
4 3 4 82
4 3 5 77
4 3 6 72
4 3 7 68
4 3 8 65
4 3 9 62
4 4 1 85
4 4 3 82
4 4 5 78
4 4 7 69
4 4 9 62
4 5 0 75
4 5 1 82
4 5 2 82
4 5 3 78
4 5 4 80
4 5 5 80
4 5 6 75
4 5 7 70
4 5 8 66
4 5 9 63
4 6 1 76
4 6 3 78
4 6 5 79
4 6 7 71
4 6 9 60
4 7 0 66
4 7 1 67
4 7 2 75
4 7 3 77
4 7 4 80
4 7 5 74
4 7 6 73
4 7 7 69
4 7 8 62
4 7 9 58
4 8 1 70
4 8 3 72
4 8 5 73
4 8 7 64
4 8 9 58
4 9 0 62
4 9 1 66
4 9 2 66
4 9 3 69
4 9 4 70
4 9 5 70
4 9 6 70
4 9 7 63
4 9 8 61
4 9 9 57
5 0 1 85
5 0 2 85
5 0 3 83
5 0 4 80
5 0 6 70
5 0 7 64
5 0 8 61
5 0 9 60
5 1 0 88
5 1 1 94
5 1 2 94
5 1 3 89
5 1 4 82
5 1 5 79
5 1 6 71
5 1 7 68
5 1 8 67
5 1 9 64
5 2 0 88
5 2 1 91
5 2 2 92
5 2 3 87
5 2 4 84
5 2 5 80
5 2 6 77
5 2 7 71
5 2 8 67
5 2 9 67
5 3 0 81
5 3 1 85
5 3 2 89
5 3 3 90
5 3 4 85
5 3 5 78
5 3 6 76
5 3 7 72
5 3 8 69
5 3 9 66
5 4 0 79
5 4 1 87
5 4 2 89
5 4 3 86
5 4 4 83
5 4 5 82
5 4 6 77
5 4 7 74
5 4 8 70
5 4 9 66
5 5 1 81
5 5 2 88
5 5 3 84
5 5 4 81
5 5 6 79
5 5 7 77
5 5 8 73
5 5 9 67
5 6 0 76
5 6 1 80
5 6 2 82
5 6 3 82
5 6 4 76
5 6 5 81
5 6 6 81
5 6 7 77
5 6 8 73
5 6 9 69
5 7 0 72
5 7 1 77
5 7 2 79
5 7 3 80
5 7 4 79
5 7 5 80
5 7 6 77
5 7 7 78
5 7 8 75
5 7 9 69
5 8 0 66
5 8 1 72
5 8 2 75
5 8 3 77
5 8 4 78
5 8 5 82
5 8 6 78
5 8 7 74
5 8 8 72
5 8 9 69
5 9 0 64
5 9 1 66
5 9 2 69
5 9 3 73
5 9 4 77
5 9 5 79
5 9 6 76
5 9 7 73
5 9 8 69
5 9 9 65
6 0 1 84
6 0 5 80
6 0 7 71
6 1 0 87
6 1 1 89
6 1 2 95
6 1 3 90
6 1 4 85
6 1 5 81
6 1 6 79
6 1 7 71
6 1 8 69
6 1 9 67
6 2 1 95
6 2 3 92
6 2 5 82
6 2 7 77
6 2 9 68
6 3 1 86
6 3 2 90
6 3 4 87
6 3 5 83
6 3 7 76
6 3 8 75
6 4 1 84
6 4 3 90
6 4 5 82
6 4 7 76
6 4 9 72
6 5 0 79
6 5 1 86
6 5 2 88
6 5 3 88
6 5 4 87
6 5 5 83
6 5 6 82
6 5 7 78
6 5 8 75
6 5 9 73
6 6 1 82
6 6 5 81
6 6 7 80
6 7 0 76
6 7 1 80
6 7 2 84
6 7 3 86
6 7 4 80
6 7 5 78
6 7 6 82
6 7 7 81
6 7 8 79
6 7 9 75
6 8 1 77
6 8 3 79
6 8 5 78
6 8 7 81
6 8 9 74
6 9 1 76
6 9 2 77
6 9 4 77
6 9 5 79
6 9 7 78
6 9 8 77
7 0 1 84
7 0 2 85
7 0 3 87
7 0 4 85
7 0 5 82
7 0 6 80
7 0 8 71
7 0 9 65
7 1 0 87
7 1 1 90
7 1 2 94
7 1 3 93
7 1 4 87
7 1 5 83
7 1 6 81
7 1 7 79
7 1 8 73
7 1 9 69
7 2 0 85
7 2 1 92
7 2 2 97
7 2 3 93
7 2 4 90
7 2 5 85
7 2 6 82
7 2 7 78
7 2 8 76
7 2 9 69
7 3 0 87
7 3 1 88
7 3 2 90
7 3 3 91
7 3 4 90
7 3 5 87
7 3 6 83
7 3 7 80
7 3 8 76
7 3 9 74
7 4 0 81
7 4 1 83
7 4 2 86
7 4 3 89
7 4 4 89
7 4 5 87
7 4 6 83
7 4 7 80
7 4 8 76
7 4 9 76
7 5 0 79
7 5 1 83
7 5 2 87
7 5 3 89
7 5 4 88
7 5 5 84
7 5 6 82
7 5 7 80
7 5 8 77
7 5 9 75
7 6 0 81
7 6 1 84
7 6 2 87
7 6 3 89
7 6 4 86
7 6 5 85
7 6 6 83
7 6 7 82
7 6 8 78
7 6 9 76
7 7 1 83
7 7 2 86
7 7 3 88
7 7 4 85
7 7 5 82
7 7 6 82
7 7 8 80
7 7 9 77
7 8 0 75
7 8 1 79
7 8 2 83
7 8 3 84
7 8 4 82
7 8 5 81
7 8 6 79
7 8 7 82
7 8 8 80
7 8 9 79
7 9 0 73
7 9 1 78
7 9 2 81
7 9 3 80
7 9 4 81
7 9 5 79
7 9 6 78
7 9 7 81
7 9 8 81
7 9 9 79
8 0 1 82
8 0 3 86
8 0 5 82
8 0 7 80
8 0 9 71
8 1 0 85
8 1 1 90
8 1 2 95
8 1 3 95
8 1 4 88
8 1 5 85
8 1 6 82
8 1 7 82
8 1 8 78
8 1 9 72
8 2 1 92
8 2 3 94
8 2 5 88
8 2 7 81
8 2 9 75
8 3 0 89
8 3 1 91
8 3 2 95
8 3 3 93
8 3 4 90
8 3 5 88
8 3 6 84
8 3 7 83
8 3 8 78
8 3 9 77
8 4 1 85
8 4 3 92
8 4 5 89
8 4 7 83
8 4 9 76
8 5 0 81
8 5 1 84
8 5 2 86
8 5 3 88
8 5 4 92
8 5 5 89
8 5 6 85
8 5 7 81
8 5 8 77
8 5 9 75
8 6 1 83
8 6 3 88
8 6 5 87
8 6 7 84
8 6 9 77
8 7 0 81
8 7 1 83
8 7 2 86
8 7 3 88
8 7 4 88
8 7 5 84
8 7 6 83
8 7 7 83
8 7 8 82
8 7 9 80
8 8 1 82
8 8 3 85
8 8 5 84
8 8 7 81
8 8 9 80
8 9 0 76
8 9 1 78
8 9 2 82
8 9 3 84
8 9 4 86
8 9 5 81
8 9 6 81
8 9 7 80
8 9 8 83
8 9 9 80
9 0 1 80
9 0 2 86
9 0 4 88
9 0 5 86
9 0 7 81
9 0 8 78
9 1 0 85
9 1 1 89
9 1 2 94
9 1 3 94
9 1 4 91
9 1 5 87
9 1 6 84
9 1 7 82
9 1 8 81
9 1 9 78
9 2 0 88
9 2 1 91
9 2 2 97
9 2 3 95
9 2 4 94
9 2 5 89
9 2 6 85
9 2 7 83
9 2 8 81
9 2 9 78
9 3 1 90
9 3 2 94
9 3 4 92
9 3 5 89
9 3 7 83
9 3 8 83
9 4 0 86
9 4 1 86
9 4 2 89
9 4 3 90
9 4 4 91
9 4 5 89
9 4 6 87
9 4 7 84
9 4 8 81
9 4 9 79
9 5 0 81
9 5 1 83
9 5 2 85
9 5 3 89
9 5 4 89
9 5 5 90
9 5 6 86
9 5 7 85
9 5 8 81
9 5 9 81
9 6 1 82
9 6 2 87
9 6 4 89
9 6 5 88
9 6 7 84
9 6 8 81
9 7 0 79
9 7 1 83
9 7 2 88
9 7 3 86
9 7 4 89
9 7 5 86
9 7 6 88
9 7 7 83
9 7 8 84
9 7 9 82
9 8 0 81
9 8 1 84
9 8 2 85
9 8 3 87
9 8 4 89
9 8 5 87
9 8 6 84
9 8 7 83
9 8 8 83
9 8 9 82
9 9 1 80
9 9 2 84
9 9 4 88
9 9 5 86
9 9 7 81
9 9 8 81
