Kết quả truy vấn cho index tách token gồm 2 từ và 3 từ, lấy top 5 kết quả trả về
mỗi dòng gồm 4 số: (x y z result), trong đó:
- x: trọng số của question.Title,
- y: trọng số của question.Body,
- z: trọng số của ans.Body,
- result: số lượng câu trả về có kết quả đúng 
    (kết quả đúng: câu trả lời mong muốn ứng với câu truy vấn nằm trong top 5 câu trả về từ hệ thống) 
    trong số 200 câu hỏi truy vấn lên hệ thống, khi dùng trọng số (x y z) cho các trường dữ liệu (question.Title, question.Body, ans.Body)
Một số truy vấn được lược bỏ khi các trọng số tỉ lệ với trọng số của truy vấn trước đó, vì cho kết quả giống nhau
    (ví dụ: (x y z) = (3 6 3) sẽ cho ra kết quả trùng với (x y z) = (1 2 1))
Kết quả tốt nhất: 69 - trọng số (4 1 3)

0 0 1 3
0 1 1 25
0 1 2 14
0 0 1 4
0 1 1 26
0 1 2 14
0 1 3 12
0 1 4 9
0 1 5 9
0 1 6 8
0 1 7 8
0 1 8 7
0 1 9 6
0 2 1 30
0 2 3 19
0 2 5 13
0 2 7 11
0 2 9 10
0 3 1 30
0 3 2 32
0 3 4 21
0 3 5 16
0 3 7 13
0 3 8 12
0 4 1 30
0 4 3 31
0 4 5 23
0 4 7 16
0 4 9 14
0 5 1 31
0 5 2 30
0 5 3 32
0 5 4 30
0 5 6 25
0 5 7 20
0 5 8 16
0 5 9 16
0 6 1 31
0 6 5 29
0 6 7 25
0 7 1 31
0 7 2 29
0 7 3 30
0 7 4 32
0 7 5 32
0 7 6 27
0 7 8 25
0 7 9 23
0 8 1 31
0 8 3 30
0 8 5 32
0 8 7 27
0 8 9 25
0 9 1 30
0 9 2 31
0 9 4 30
0 9 5 31
0 9 7 30
0 9 8 27
1 0 1 61
1 0 2 29
1 0 3 18
1 0 4 12
1 0 5 11
1 0 6 10
1 0 7 10
1 0 8 9
1 0 9 9
1 1 1 56
1 1 2 42
1 1 3 24
1 1 4 19
1 1 5 17
1 1 6 15
1 1 7 12
1 1 8 12
1 1 9 12
1 2 1 49
1 2 2 38
1 2 3 31
1 2 4 28
1 2 5 20
1 2 6 17
1 2 7 16
1 2 8 16
1 2 9 14
1 3 1 44
1 3 2 41
1 3 3 34
1 3 4 30
1 3 5 28
1 3 6 22
1 3 7 19
1 3 8 16
1 3 9 16
1 4 1 40
1 4 2 40
1 4 3 36
1 4 4 33
1 4 5 30
1 4 6 28
1 4 7 23
1 4 8 20
1 4 9 19
1 5 1 38
1 5 2 39
1 5 3 38
1 5 4 34
1 5 5 33
1 5 6 29
1 5 7 28
1 5 8 23
1 5 9 20
1 6 1 37
1 6 2 39
1 6 3 36
1 6 4 35
1 6 5 33
1 6 6 32
1 6 7 30
1 6 8 27
1 6 9 26
1 7 1 37
1 7 2 37
1 7 3 36
1 7 4 34
1 7 5 33
1 7 6 32
1 7 7 31
1 7 8 30
1 7 9 27
1 8 1 37
1 8 2 37
1 8 3 35
1 8 4 36
1 8 5 32
1 8 6 33
1 8 7 31
1 8 8 31
1 8 9 30
1 9 1 38
1 9 2 35
1 9 3 35
1 9 4 35
1 9 5 32
1 9 6 33
1 9 7 33
1 9 8 31
1 9 9 30
2 0 1 65
2 0 3 41
2 0 5 23
2 0 7 14
2 0 9 12
2 1 1 66
2 1 2 61
2 1 3 51
2 1 4 34
2 1 5 27
2 1 6 25
2 1 7 22
2 1 8 18
2 1 9 16
2 2 1 60
2 2 3 51
2 2 5 30
2 2 7 22
2 2 9 18
2 3 1 56
2 3 2 55
2 3 3 45
2 3 4 39
2 3 5 32
2 3 6 30
2 3 7 25
2 3 8 21
2 3 9 20
2 4 1 49
2 4 3 43
2 4 5 36
2 4 7 30
2 4 9 23
2 5 1 46
2 5 2 47
2 5 3 41
2 5 4 42
2 5 5 37
2 5 6 34
2 5 7 30
2 5 8 29
2 5 9 28
2 6 1 40
2 6 3 41
2 6 5 39
2 6 7 33
2 6 9 30
2 7 1 40
2 7 2 41
2 7 3 41
2 7 4 41
2 7 5 39
2 7 6 38
2 7 7 33
2 7 8 33
2 7 9 30
2 8 1 40
2 8 3 39
2 8 5 40
2 8 7 35
2 8 9 32
2 9 1 38
2 9 2 39
2 9 3 39
2 9 4 38
2 9 5 39
2 9 6 37
2 9 7 35
2 9 8 33
2 9 9 33
3 0 1 63
3 0 2 62
3 0 4 47
3 0 5 35
3 0 7 24
3 0 8 20
3 1 1 63
3 1 2 65
3 1 3 63
3 1 4 54
3 1 5 42
3 1 6 33
3 1 7 27
3 1 8 23
3 1 9 24
3 2 1 63
3 2 2 64
3 2 3 62
3 2 4 54
3 2 5 46
3 2 6 37
3 2 7 30
3 2 8 26
3 2 9 27
3 3 1 59
3 3 2 59
3 3 4 51
3 3 5 47
3 3 7 33
3 3 8 28
3 4 1 57
3 4 2 59
3 4 3 54
3 4 4 48
3 4 5 45
3 4 6 38
3 4 7 35
3 4 8 30
3 4 9 28
3 5 1 51
3 5 2 54
3 5 3 51
3 5 4 48
3 5 5 43
3 5 6 39
3 5 7 36
3 5 8 32
3 5 9 30
3 6 1 48
3 6 2 50
3 6 4 48
3 6 5 42
3 6 7 37
3 6 8 33
3 7 1 45
3 7 2 46
3 7 3 47
3 7 4 44
3 7 5 43
3 7 6 41
3 7 7 37
3 7 8 36
3 7 9 33
3 8 1 41
3 8 2 44
3 8 3 45
3 8 4 42
3 8 5 42
3 8 6 41
3 8 7 40
3 8 8 36
3 8 9 34
3 9 1 41
3 9 2 41
3 9 4 41
3 9 5 41
3 9 7 41
3 9 8 38
4 0 1 60
4 0 3 65
4 0 5 47
4 0 7 34
4 0 9 23
4 1 1 65
4 1 2 64
4 1 3 69
4 1 4 61
4 1 5 56
4 1 6 51
4 1 7 35
4 1 8 32
4 1 9 26
4 2 1 64
4 2 3 62
4 2 5 57
4 2 7 45
4 2 9 29
4 3 1 62
4 3 2 63
4 3 3 60
4 3 4 60
4 3 5 57
4 3 6 50
4 3 7 46
4 3 8 37
4 3 9 33
4 4 1 58
4 4 3 59
4 4 5 53
4 4 7 43
4 4 9 33
4 5 1 58
4 5 2 59
4 5 3 59
4 5 4 54
4 5 5 51
4 5 6 46
4 5 7 43
4 5 8 36
4 5 9 36
4 6 1 54
4 6 3 55
4 6 5 46
4 6 7 42
4 6 9 34
4 7 1 48
4 7 2 51
4 7 3 51
4 7 4 50
4 7 5 49
4 7 6 45
4 7 7 40
4 7 8 38
4 7 9 37
4 8 1 47
4 8 3 49
4 8 5 49
4 8 7 41
4 8 9 37
4 9 1 44
4 9 2 47
4 9 3 47
4 9 4 46
4 9 5 45
4 9 6 44
4 9 7 44
4 9 8 40
4 9 9 37
5 0 1 60
5 0 2 64
5 0 3 64
5 0 4 64
5 0 6 52
5 0 7 45
5 0 8 37
5 0 9 33
5 1 1 63
5 1 2 63
5 1 3 62
5 1 4 67
5 1 5 62
5 1 6 59
5 1 7 50
5 1 8 40
5 1 9 36
5 2 1 63
5 2 2 65
5 2 3 64
5 2 4 61
5 2 5 63
5 2 6 57
5 2 7 52
5 2 8 48
5 2 9 37
5 3 1 63
5 3 2 65
5 3 3 66
5 3 4 64
5 3 5 61
5 3 6 59
5 3 7 53
5 3 8 46
5 3 9 45
5 4 1 61
5 4 2 63
5 4 3 63
5 4 4 59
5 4 5 60
5 4 6 57
5 4 7 54
5 4 8 49
5 4 9 45
5 5 1 57
5 5 2 58
5 5 3 61
5 5 4 58
5 5 6 53
5 5 7 51
5 5 8 48
5 5 9 42
5 6 1 58
5 6 2 59
5 6 3 58
5 6 4 57
5 6 5 54
5 6 6 53
5 6 7 48
5 6 8 45
5 6 9 43
5 7 1 54
5 7 2 58
5 7 3 58
5 7 4 57
5 7 5 54
5 7 6 50
5 7 7 45
5 7 8 46
5 7 9 41
5 8 1 49
5 8 2 52
5 8 3 56
5 8 4 53
5 8 5 53
5 8 6 48
5 8 7 46
5 8 8 45
5 8 9 41
5 9 1 47
5 9 2 49
5 9 3 52
5 9 4 50
5 9 5 49
5 9 6 49
5 9 7 50
5 9 8 44
5 9 9 40
6 0 1 60
6 0 5 64
6 0 7 54
6 1 1 63
6 1 2 62
6 1 3 63
6 1 4 65
6 1 5 67
6 1 6 61
6 1 7 60
6 1 8 51
6 1 9 45
6 2 1 66
6 2 3 66
6 2 5 63
6 2 7 57
6 2 9 50
6 3 1 62
6 3 2 66
6 3 4 64
6 3 5 61
6 3 7 59
6 3 8 54
6 4 1 63
6 4 3 66
6 4 5 63
6 4 7 60
6 4 9 51
6 5 1 57
6 5 2 63
6 5 3 62
6 5 4 62
6 5 5 59
6 5 6 59
6 5 7 55
6 5 8 55
6 5 9 51
6 6 1 56
6 6 5 57
6 6 7 54
6 7 1 58
6 7 2 60
6 7 3 59
6 7 4 59
6 7 5 56
6 7 6 54
6 7 7 54
6 7 8 51
6 7 9 45
6 8 1 55
6 8 3 59
6 8 5 57
6 8 7 52
6 8 9 47
6 9 1 51
6 9 2 54
6 9 4 55
6 9 5 54
6 9 7 50
6 9 8 46
7 0 1 59
7 0 2 61
7 0 3 64
7 0 4 64
7 0 5 64
7 0 6 63
7 0 8 54
7 0 9 47
7 1 1 61
7 1 2 61
7 1 3 64
7 1 4 65
7 1 5 65
7 1 6 66
7 1 7 63
7 1 8 60
7 1 9 53
7 2 1 64
7 2 2 65
7 2 3 65
7 2 4 66
7 2 5 68
7 2 6 66
7 2 7 62
7 2 8 57
7 2 9 55
7 3 1 62
7 3 2 64
7 3 3 65
7 3 4 63
7 3 5 64
7 3 6 61
7 3 7 63
7 3 8 58
7 3 9 55
7 4 1 63
7 4 2 64
7 4 3 65
7 4 4 65
7 4 5 63
7 4 6 61
7 4 7 61
7 4 8 59
7 4 9 56
7 5 1 62
7 5 2 62
7 5 3 63
7 5 4 63
7 5 5 63
7 5 6 60
7 5 7 60
7 5 8 58
7 5 9 57
7 6 1 57
7 6 2 63
7 6 3 61
7 6 4 62
7 6 5 59
7 6 6 60
7 6 7 59
7 6 8 54
7 6 9 55
7 7 1 56
7 7 2 59
7 7 3 61
7 7 4 60
7 7 5 58
7 7 6 57
7 7 8 55
7 7 9 52
7 8 1 58
7 8 2 60
7 8 3 58
7 8 4 59
7 8 5 58
7 8 6 56
7 8 7 55
7 8 8 54
7 8 9 51
7 9 1 57
7 9 2 56
7 9 3 59
7 9 4 59
7 9 5 59
7 9 6 57
7 9 7 54
7 9 8 54
7 9 9 50
8 0 1 61
8 0 3 63
8 0 5 65
8 0 7 62
8 0 9 54
8 1 1 60
8 1 2 61
8 1 3 64
8 1 4 65
8 1 5 65
8 1 6 66
8 1 7 66
8 1 8 63
8 1 9 60
8 2 1 64
8 2 3 64
8 2 5 63
8 2 7 66
8 2 9 57
8 3 1 63
8 3 2 64
8 3 3 65
8 3 4 65
8 3 5 65
8 3 6 66
8 3 7 63
8 3 8 63
8 3 9 59
8 4 1 62
8 4 3 68
8 4 5 63
8 4 7 61
8 4 9 59
8 5 1 61
8 5 2 64
8 5 3 65
8 5 4 64
8 5 5 64
8 5 6 63
8 5 7 64
8 5 8 62
8 5 9 60
8 6 1 61
8 6 3 64
8 6 5 63
8 6 7 60
8 6 9 56
8 7 1 57
8 7 2 60
8 7 3 63
8 7 4 61
8 7 5 61
8 7 6 57
8 7 7 59
8 7 8 58
8 7 9 56
8 8 1 56
8 8 3 59
8 8 5 60
8 8 7 57
8 8 9 55
8 9 1 59
8 9 2 60
8 9 3 61
8 9 4 58
8 9 5 59
8 9 6 58
8 9 7 56
8 9 8 55
8 9 9 54
9 0 1 61
9 0 2 60
9 0 4 64
9 0 5 64
9 0 7 65
9 0 8 61
9 1 1 60
9 1 2 60
9 1 3 63
9 1 4 65
9 1 5 65
9 1 6 65
9 1 7 67
9 1 8 65
9 1 9 63
9 2 1 63
9 2 2 64
9 2 3 63
9 2 4 64
9 2 5 65
9 2 6 63
9 2 7 68
9 2 8 65
9 2 9 62
9 3 1 64
9 3 2 65
9 3 4 63
9 3 5 66
9 3 7 66
9 3 8 63
9 4 1 62
9 4 2 63
9 4 3 67
9 4 4 66
9 4 5 62
9 4 6 64
9 4 7 62
9 4 8 61
9 4 9 62
9 5 1 63
9 5 2 61
9 5 3 66
9 5 4 66
9 5 5 64
9 5 6 64
9 5 7 62
9 5 8 63
9 5 9 61
9 6 1 62
9 6 2 63
9 6 4 63
9 6 5 65
9 6 7 63
9 6 8 62
9 7 1 61
9 7 2 61
9 7 3 64
9 7 4 63
9 7 5 63
9 7 6 63
9 7 7 58
9 7 8 59
9 7 9 60
9 8 1 58
9 8 2 61
9 8 3 63
9 8 4 60
9 8 5 62
9 8 6 59
9 8 7 58
9 8 8 59
9 8 9 58
9 9 1 56
9 9 2 58
9 9 4 61
9 9 5 60
9 9 7 59
9 9 8 57
