Kết quả truy vấn cho index tách token gồm 1-2-3 từ, lấy top 5 kết quả trả về
mỗi dòng gồm 4 số: (x y z result), trong đó:
- x: trọng số của question.Title,
- y: trọng số của question.Body,
- z: trọng số của ans.Body,
- result: số lượng câu trả về có kết quả đúng 
    (kết quả đúng: câu trả lời mong muốn ứng với câu truy vấn nằm trong top 5 câu trả về từ hệ thống) 
    trong số 200 câu hỏi truy vấn lên hệ thống, khi dùng trọng số (x y z) cho các trường dữ liệu (question.Title, question.Body, ans.Body)
Một số truy vấn được lược bỏ khi các trọng số tỉ lệ với trọng số của truy vấn trước đó, vì cho kết quả giống nhau
    (ví dụ: (x y z) = (3 6 3) sẽ cho ra kết quả giống với (x y z) = (1 2 1))
Kết quả tốt nhất: 89 - trọng số (2 1 1), (8 2 1)

0 0 1 10
0 1 1 25
0 1 2 19
0 1 3 19
0 1 4 18
0 1 5 17
0 1 6 17
0 1 7 16
0 1 8 15
0 1 9 13
0 2 1 28
0 2 3 21
0 2 5 18
0 2 7 18
0 2 9 18
0 3 1 29
0 3 2 27
0 3 4 23
0 3 5 20
0 3 7 19
0 3 8 18
0 4 1 29
0 4 3 25
0 4 5 24
0 4 7 19
0 4 9 19
0 5 1 30
0 5 2 27
0 5 3 29
0 5 4 23
0 5 6 24
0 5 7 22
0 5 8 21
0 5 9 21
0 6 1 29
0 6 5 25
0 6 7 24
0 7 1 28
0 7 2 30
0 7 3 27
0 7 4 28
0 7 5 26
0 7 6 25
0 7 8 24
0 7 9 24
0 8 1 28
0 8 3 28
0 8 5 28
0 8 7 25
0 8 9 23
0 9 1 28
0 9 2 30
0 9 4 27
0 9 5 28
0 9 7 25
0 9 8 25
1 0 1 74
1 0 2 56
1 0 3 50
1 0 4 43
1 0 5 32
1 0 6 26
1 0 7 22
1 0 8 22
1 0 9 21
1 1 1 83
1 1 2 59
1 1 3 50
1 1 4 45
1 1 5 39
1 1 6 36
1 1 7 30
1 1 8 28
1 1 9 21
1 2 1 69
1 2 2 57
1 2 3 50
1 2 4 43
1 2 5 40
1 2 6 39
1 2 7 37
1 2 8 35
1 2 9 30
1 3 1 57
1 3 2 55
1 3 3 49
1 3 4 47
1 3 5 41
1 3 6 39
1 3 7 39
1 3 8 36
1 3 9 33
1 4 1 54
1 4 2 55
1 4 3 47
1 4 4 46
1 4 5 43
1 4 6 40
1 4 7 38
1 4 8 37
1 4 9 37
1 5 1 53
1 5 2 54
1 5 3 47
1 5 4 42
1 5 5 42
1 5 6 39
1 5 7 37
1 5 8 37
1 5 9 36
1 6 1 50
1 6 2 50
1 6 3 46
1 6 4 43
1 6 5 40
1 6 6 40
1 6 7 38
1 6 8 36
1 6 9 34
1 7 1 48
1 7 2 48
1 7 3 45
1 7 4 43
1 7 5 40
1 7 6 39
1 7 7 39
1 7 8 37
1 7 9 34
1 8 1 46
1 8 2 48
1 8 3 43
1 8 4 42
1 8 5 42
1 8 6 39
1 8 7 39
1 8 8 35
1 8 9 35
1 9 1 46
1 9 2 45
1 9 3 44
1 9 4 43
1 9 5 42
1 9 6 40
1 9 7 37
1 9 8 37
1 9 9 34
2 0 1 78
2 0 3 64
2 0 5 54
2 0 7 46
2 0 9 35
2 1 1 89
2 1 2 78
2 1 3 68
2 1 4 63
2 1 5 58
2 1 6 51
2 1 7 46
2 1 8 43
2 1 9 38
2 2 1 77
2 2 3 72
2 2 5 52
2 2 7 46
2 2 9 41
2 3 1 72
2 3 2 75
2 3 3 69
2 3 4 59
2 3 5 53
2 3 6 49
2 3 7 46
2 3 8 43
2 3 9 42
2 4 1 65
2 4 3 65
2 4 5 53
2 4 7 46
2 4 9 42
2 5 1 59
2 5 2 60
2 5 3 62
2 5 4 54
2 5 5 51
2 5 6 50
2 5 7 48
2 5 8 44
2 5 9 43
2 6 1 56
2 6 3 58
2 6 5 47
2 6 7 48
2 6 9 43
2 7 1 54
2 7 2 55
2 7 3 56
2 7 4 53
2 7 5 50
2 7 6 47
2 7 7 48
2 7 8 45
2 7 9 44
2 8 1 55
2 8 3 54
2 8 5 50
2 8 7 46
2 8 9 44
2 9 1 53
2 9 2 54
2 9 3 52
2 9 4 55
2 9 5 50
2 9 6 48
2 9 7 44
2 9 8 44
2 9 9 42
3 0 1 78
3 0 2 80
3 0 4 66
3 0 5 61
3 0 7 57
3 0 8 53
3 1 1 86
3 1 2 83
3 1 3 77
3 1 4 73
3 1 5 65
3 1 6 60
3 1 7 59
3 1 8 54
3 1 9 51
3 2 1 82
3 2 2 84
3 2 3 81
3 2 4 74
3 2 5 69
3 2 6 62
3 2 7 57
3 2 8 52
3 2 9 51
3 3 1 80
3 3 2 77
3 3 4 73
3 3 5 68
3 3 7 56
3 3 8 51
3 4 1 73
3 4 2 72
3 4 3 74
3 4 4 73
3 4 5 66
3 4 6 59
3 4 7 55
3 4 8 52
3 4 9 48
3 5 1 67
3 5 2 70
3 5 3 75
3 5 4 70
3 5 5 64
3 5 6 55
3 5 7 51
3 5 8 53
3 5 9 48
3 6 1 64
3 6 2 67
3 6 4 66
3 6 5 63
3 6 7 54
3 6 8 52
3 7 1 60
3 7 2 61
3 7 3 63
3 7 4 65
3 7 5 59
3 7 6 54
3 7 7 51
3 7 8 51
3 7 9 52
3 8 1 56
3 8 2 58
3 8 3 61
3 8 4 60
3 8 5 56
3 8 6 54
3 8 7 50
3 8 8 50
3 8 9 50
3 9 1 53
3 9 2 55
3 9 4 57
3 9 5 58
3 9 7 52
3 9 8 46
4 0 1 77
4 0 3 81
4 0 5 68
4 0 7 60
4 0 9 56
4 1 1 87
4 1 2 88
4 1 3 82
4 1 4 76
4 1 5 71
4 1 6 70
4 1 7 67
4 1 8 60
4 1 9 59
4 2 1 83
4 2 3 82
4 2 5 73
4 2 7 64
4 2 9 57
4 3 1 82
4 3 2 86
4 3 3 83
4 3 4 83
4 3 5 77
4 3 6 69
4 3 7 68
4 3 8 62
4 3 9 59
4 4 1 79
4 4 3 81
4 4 5 76
4 4 7 68
4 4 9 56
4 5 1 76
4 5 2 74
4 5 3 74
4 5 4 75
4 5 5 76
4 5 6 70
4 5 7 65
4 5 8 60
4 5 9 55
4 6 1 71
4 6 3 71
4 6 5 74
4 6 7 63
4 6 9 53
4 7 1 66
4 7 2 68
4 7 3 69
4 7 4 74
4 7 5 69
4 7 6 69
4 7 7 60
4 7 8 56
4 7 9 53
4 8 1 65
4 8 3 65
4 8 5 67
4 8 7 63
4 8 9 55
4 9 1 61
4 9 2 62
4 9 3 62
4 9 4 64
4 9 5 65
4 9 6 63
4 9 7 59
4 9 8 54
4 9 9 53
5 0 1 81
5 0 2 81
5 0 3 79
5 0 4 78
5 0 6 70
5 0 7 64
5 0 8 65
5 0 9 59
5 1 1 87
5 1 2 86
5 1 3 85
5 1 4 80
5 1 5 75
5 1 6 71
5 1 7 70
5 1 8 69
5 1 9 63
5 2 1 83
5 2 2 82
5 2 3 84
5 2 4 82
5 2 5 78
5 2 6 75
5 2 7 72
5 2 8 66
5 2 9 64
5 3 1 84
5 3 2 84
5 3 3 86
5 3 4 81
5 3 5 78
5 3 6 79
5 3 7 71
5 3 8 70
5 3 9 63
5 4 1 81
5 4 2 86
5 4 3 84
5 4 4 83
5 4 5 84
5 4 6 78
5 4 7 73
5 4 8 69
5 4 9 68
5 5 1 78
5 5 2 80
5 5 3 76
5 5 4 80
5 5 6 77
5 5 7 73
5 5 8 69
5 5 9 67
5 6 1 76
5 6 2 77
5 6 3 76
5 6 4 77
5 6 5 78
5 6 6 77
5 6 7 71
5 6 8 69
5 6 9 64
5 7 1 73
5 7 2 72
5 7 3 71
5 7 4 72
5 7 5 74
5 7 6 76
5 7 7 72
5 7 8 69
5 7 9 64
5 8 1 68
5 8 2 69
5 8 3 71
5 8 4 71
5 8 5 75
5 8 6 72
5 8 7 70
5 8 8 66
5 8 9 61
5 9 1 63
5 9 2 67
5 9 3 69
5 9 4 70
5 9 5 73
5 9 6 68
5 9 7 68
5 9 8 66
5 9 9 60
6 0 1 79
6 0 5 78
6 0 7 71
6 1 1 87
6 1 2 87
6 1 3 87
6 1 4 82
6 1 5 80
6 1 6 74
6 1 7 71
6 1 8 70
6 1 9 70
6 2 1 86
6 2 3 85
6 2 5 81
6 2 7 74
6 2 9 70
6 3 1 82
6 3 2 82
6 3 4 84
6 3 5 80
6 3 7 76
6 3 8 70
6 4 1 82
6 4 3 85
6 4 5 81
6 4 7 80
6 4 9 70
6 5 1 80
6 5 2 82
6 5 3 85
6 5 4 81
6 5 5 84
6 5 6 84
6 5 7 79
6 5 8 74
6 5 9 69
6 6 1 78
6 6 5 79
6 6 7 77
6 7 1 77
6 7 2 76
6 7 3 76
6 7 4 76
6 7 5 78
6 7 6 79
6 7 7 78
6 7 8 72
6 7 9 70
6 8 1 71
6 8 3 71
6 8 5 73
6 8 7 76
6 8 9 71
6 9 1 69
6 9 2 70
6 9 4 70
6 9 5 71
6 9 7 74
6 9 8 73
7 0 1 79
7 0 2 80
7 0 3 81
7 0 4 78
7 0 5 82
7 0 6 77
7 0 8 71
7 0 9 67
7 1 1 85
7 1 2 85
7 1 3 88
7 1 4 85
7 1 5 82
7 1 6 79
7 1 7 74
7 1 8 72
7 1 9 71
7 2 1 87
7 2 2 88
7 2 3 85
7 2 4 85
7 2 5 83
7 2 6 79
7 2 7 75
7 2 8 73
7 2 9 72
7 3 1 84
7 3 2 85
7 3 3 83
7 3 4 86
7 3 5 83
7 3 6 81
7 3 7 79
7 3 8 76
7 3 9 73
7 4 1 82
7 4 2 83
7 4 3 84
7 4 4 86
7 4 5 83
7 4 6 79
7 4 7 78
7 4 8 78
7 4 9 72
7 5 1 83
7 5 2 84
7 5 3 84
7 5 4 86
7 5 5 82
7 5 6 84
7 5 7 81
7 5 8 80
7 5 9 78
7 6 1 78
7 6 2 82
7 6 3 86
7 6 4 84
7 6 5 81
7 6 6 85
7 6 7 84
7 6 8 80
7 6 9 77
7 7 1 76
7 7 2 80
7 7 3 80
7 7 4 78
7 7 5 79
7 7 6 79
7 7 8 77
7 7 9 73
7 8 1 74
7 8 2 77
7 8 3 79
7 8 4 75
7 8 5 76
7 8 6 79
7 8 7 79
7 8 8 78
7 8 9 74
7 9 1 74
7 9 2 76
7 9 3 73
7 9 4 73
7 9 5 73
7 9 6 74
7 9 7 75
7 9 8 76
7 9 9 74
8 0 1 78
8 0 3 81
8 0 5 79
8 0 7 76
8 0 9 72
8 1 1 83
8 1 2 85
8 1 3 86
8 1 4 86
8 1 5 86
8 1 6 80
8 1 7 78
8 1 8 75
8 1 9 73
8 2 1 89
8 2 3 84
8 2 5 83
8 2 7 78
8 2 9 72
8 3 1 86
8 3 2 86
8 3 3 82
8 3 4 87
8 3 5 84
8 3 6 82
8 3 7 81
8 3 8 78
8 3 9 75
8 4 1 80
8 4 3 83
8 4 5 84
8 4 7 80
8 4 9 76
8 5 1 83
8 5 2 83
8 5 3 83
8 5 4 87
8 5 5 86
8 5 6 81
8 5 7 81
8 5 8 79
8 5 9 80
8 6 1 80
8 6 3 83
8 6 5 86
8 6 7 84
8 6 9 81
8 7 1 76
8 7 2 80
8 7 3 82
8 7 4 85
8 7 5 81
8 7 6 83
8 7 7 85
8 7 8 84
8 7 9 81
8 8 1 76
8 8 3 82
8 8 5 77
8 8 7 80
8 8 9 77
8 9 1 74
8 9 2 78
8 9 3 78
8 9 4 76
8 9 5 76
8 9 6 77
8 9 7 78
8 9 8 80
8 9 9 78
9 0 1 78
9 0 2 80
9 0 4 81
9 0 5 77
9 0 7 78
9 0 8 75
9 1 1 83
9 1 2 83
9 1 3 85
9 1 4 85
9 1 5 85
9 1 6 83
9 1 7 81
9 1 8 78
9 1 9 75
9 2 1 87
9 2 2 86
9 2 3 84
9 2 4 86
9 2 5 84
9 2 6 83
9 2 7 81
9 2 8 78
9 2 9 76
9 3 1 86
9 3 2 86
9 3 4 84
9 3 5 86
9 3 7 82
9 3 8 78
9 4 1 83
9 4 2 83
9 4 3 82
9 4 4 84
9 4 5 86
9 4 6 84
9 4 7 82
9 4 8 82
9 4 9 79
9 5 1 80
9 5 2 84
9 5 3 82
9 5 4 85
9 5 5 86
9 5 6 84
9 5 7 81
9 5 8 79
9 5 9 78
9 6 1 79
9 6 2 82
9 6 4 84
9 6 5 85
9 6 7 80
9 6 8 82
9 7 1 77
9 7 2 81
9 7 3 83
9 7 4 86
9 7 5 85
9 7 6 83
9 7 7 83
9 7 8 85
9 7 9 83
9 8 1 78
9 8 2 79
9 8 3 81
9 8 4 86
9 8 5 84
9 8 6 81
9 8 7 83
9 8 8 84
9 8 9 84
9 9 1 74
9 9 2 80
9 9 4 79
9 9 5 78
9 9 7 80
9 9 8 80
