Kết quả truy vấn cho index tách token gồm 2 từ, lấy top 5 kết quả trả về
mỗi dòng gồm 4 số: (x y z result), trong đó:
- x: trọng số của question.Title,
- y: trọng số của question.Body,
- z: trọng số của ans.Body,
- result: số lượng câu trả về có kết quả đúng 
    (kết quả đúng: câu trả lời mong muốn ứng với câu truy vấn nằm trong top 5 câu trả về từ hệ thống) 
    trong số 200 câu hỏi truy vấn lên hệ thống, khi dùng trọng số (x y z) cho các trường dữ liệu (question.Title, question.Body, ans.Body)
Một số truy vấn được lược bỏ khi các trọng số tỉ lệ với trọng số của truy vấn trước đó, vì cho kết quả giống nhau
    (ví dụ: (x y z) = (3 6 3) sẽ cho ra kết quả trùng với (x y z) = (1 2 1))
Kết quả tốt nhất: 74 - trọng số (6 2 3), (7 3 4), (9 4 4)


0 0 1 2
0 1 1 29
0 1 2 14
0 1 3 12
0 1 4 9
0 1 5 6
0 1 6 5
0 1 7 5
0 1 8 3
0 1 9 4
0 2 1 33
0 2 3 19
0 2 5 13
0 2 7 10
0 2 9 8
0 3 1 33
0 3 2 34
0 3 4 23
0 3 5 15
0 3 7 13
0 3 8 13
0 4 1 34
0 4 3 33
0 4 5 22
0 4 7 15
0 4 9 13
0 5 1 34
0 5 2 34
0 5 3 34
0 5 4 33
0 5 6 24
0 5 7 20
0 5 8 19
0 5 9 15
0 6 1 34
0 6 5 32
0 6 7 24
0 7 1 34
0 7 2 33
0 7 3 33
0 7 4 32
0 7 5 33
0 7 6 31
0 7 8 25
0 7 9 23
0 8 1 34
0 8 3 33
0 8 5 34
0 8 7 30
0 8 9 25
0 9 1 34
0 9 2 34
0 9 4 33
0 9 5 33
0 9 7 33
0 9 8 31
1 0 1 50
1 0 2 21
1 0 3 15
1 0 4 12
1 0 5 9
1 0 6 5
1 0 7 5
1 0 8 4
1 0 9 4
1 1 1 58
1 1 2 41
1 1 3 22
1 1 4 18
1 1 5 15
1 1 6 11
1 1 7 10
1 1 8 10
1 1 9 9
1 2 1 46
1 2 2 40
1 2 3 34
1 2 4 26
1 2 5 19
1 2 6 15
1 2 7 15
1 2 8 14
1 2 9 11
1 3 1 45
1 3 2 39
1 3 3 37
1 3 4 35
1 3 5 28
1 3 6 19
1 3 7 15
1 3 8 15
1 3 9 14
1 4 1 39
1 4 2 39
1 4 3 37
1 4 4 37
1 4 5 35
1 4 6 28
1 4 7 23
1 4 8 17
1 4 9 15
1 5 1 40
1 5 2 38
1 5 3 37
1 5 4 36
1 5 5 36
1 5 6 34
1 5 7 30
1 5 8 26
1 5 9 22
1 6 1 39
1 6 2 38
1 6 3 36
1 6 4 37
1 6 5 35
1 6 6 36
1 6 7 32
1 6 8 30
1 6 9 27
1 7 1 38
1 7 2 37
1 7 3 36
1 7 4 35
1 7 5 35
1 7 6 35
1 7 7 35
1 7 8 32
1 7 9 30
1 8 1 38
1 8 2 38
1 8 3 37
1 8 4 36
1 8 5 36
1 8 6 35
1 8 7 35
1 8 8 35
1 8 9 32
1 9 1 38
1 9 2 37
1 9 3 36
1 9 4 35
1 9 5 33
1 9 6 35
1 9 7 35
1 9 8 35
1 9 9 35
2 0 1 68
2 0 3 34
2 0 5 18
2 0 7 14
2 0 9 11
2 1 1 72
2 1 2 61
2 1 3 53
2 1 4 28
2 1 5 22
2 1 6 21
2 1 7 19
2 1 8 16
2 1 9 14
2 2 1 63
2 2 3 48
2 2 5 32
2 2 7 19
2 2 9 16
2 3 1 53
2 3 2 53
2 3 3 44
2 3 4 42
2 3 5 38
2 3 6 32
2 3 7 25
2 3 8 20
2 3 9 16
2 4 1 52
2 4 3 42
2 4 5 38
2 4 7 30
2 4 9 21
2 5 1 49
2 5 2 44
2 5 3 40
2 5 4 40
2 5 5 38
2 5 6 36
2 5 7 34
2 5 8 31
2 5 9 27
2 6 1 46
2 6 3 39
2 6 5 38
2 6 7 36
2 6 9 30
2 7 1 44
2 7 2 41
2 7 3 40
2 7 4 38
2 7 5 38
2 7 6 36
2 7 7 37
2 7 8 36
2 7 9 35
2 8 1 42
2 8 3 39
2 8 5 38
2 8 7 36
2 8 9 35
2 9 1 41
2 9 2 39
2 9 3 39
2 9 4 39
2 9 5 37
2 9 6 38
2 9 7 36
2 9 8 36
2 9 9 37
3 0 1 65
3 0 2 67
3 0 4 38
3 0 5 30
3 0 7 19
3 0 8 17
3 1 1 70
3 1 2 70
3 1 3 61
3 1 4 54
3 1 5 40
3 1 6 28
3 1 7 23
3 1 8 21
3 1 9 19
3 2 1 65
3 2 2 63
3 2 3 61
3 2 4 53
3 2 5 47
3 2 6 37
3 2 7 26
3 2 8 24
3 2 9 22
3 3 1 63
3 3 2 64
3 3 4 50
3 3 5 46
3 3 7 35
3 3 8 27
3 4 1 60
3 4 2 60
3 4 3 55
3 4 4 46
3 4 5 43
3 4 6 42
3 4 7 39
3 4 8 34
3 4 9 31
3 5 1 53
3 5 2 53
3 5 3 49
3 5 4 47
3 5 5 42
3 5 6 41
3 5 7 40
3 5 8 38
3 5 9 33
3 6 1 51
3 6 2 51
3 6 4 43
3 6 5 41
3 6 7 40
3 6 8 38
3 7 1 50
3 7 2 49
3 7 3 45
3 7 4 42
3 7 5 39
3 7 6 40
3 7 7 38
3 7 8 38
3 7 9 36
3 8 1 49
3 8 2 47
3 8 3 43
3 8 4 41
3 8 5 38
3 8 6 39
3 8 7 38
3 8 8 38
3 8 9 37
3 9 1 47
3 9 2 45
3 9 4 42
3 9 5 38
3 9 7 38
3 9 8 36
4 0 1 64
4 0 3 66
4 0 5 42
4 0 7 29
4 0 9 19
4 1 1 68
4 1 2 72
4 1 3 68
4 1 4 65
4 1 5 54
4 1 6 42
4 1 7 34
4 1 8 26
4 1 9 24
4 2 1 72
4 2 3 68
4 2 5 53
4 2 7 41
4 2 9 25
4 3 1 63
4 3 2 66
4 3 3 64
4 3 4 60
4 3 5 54
4 3 6 51
4 3 7 48
4 3 8 38
4 3 9 30
4 4 1 62
4 4 3 61
4 4 5 51
4 4 7 45
4 4 9 36
4 5 1 63
4 5 2 61
4 5 3 62
4 5 4 54
4 5 5 50
4 5 6 44
4 5 7 43
4 5 8 42
4 5 9 39
4 6 1 53
4 6 3 55
4 6 5 49
4 6 7 43
4 6 9 40
4 7 1 51
4 7 2 52
4 7 3 50
4 7 4 47
4 7 5 46
4 7 6 43
4 7 7 41
4 7 8 41
4 7 9 40
4 8 1 52
4 8 3 50
4 8 5 41
4 8 7 40
4 8 9 38
4 9 1 50
4 9 2 49
4 9 3 48
4 9 4 45
4 9 5 42
4 9 6 40
4 9 7 40
4 9 8 40
4 9 9 40
5 0 1 62
5 0 2 66
5 0 3 68
5 0 4 64
5 0 6 43
5 0 7 37
5 0 8 32
5 0 9 27
5 1 1 66
5 1 2 69
5 1 3 71
5 1 4 66
5 1 5 62
5 1 6 54
5 1 7 43
5 1 8 37
5 1 9 33
5 2 1 69
5 2 2 71
5 2 3 71
5 2 4 68
5 2 5 61
5 2 6 54
5 2 7 54
5 2 8 47
5 2 9 35
5 3 1 67
5 3 2 71
5 3 3 69
5 3 4 64
5 3 5 61
5 3 6 57
5 3 7 52
5 3 8 51
5 3 9 42
5 4 1 62
5 4 2 66
5 4 3 64
5 4 4 61
5 4 5 59
5 4 6 57
5 4 7 53
5 4 8 49
5 4 9 45
5 5 1 62
5 5 2 64
5 5 3 63
5 5 4 60
5 5 6 53
5 5 7 49
5 5 8 45
5 5 9 45
5 6 1 64
5 6 2 64
5 6 3 64
5 6 4 60
5 6 5 54
5 6 6 52
5 6 7 43
5 6 8 44
5 6 9 43
5 7 1 58
5 7 2 54
5 7 3 58
5 7 4 58
5 7 5 55
5 7 6 49
5 7 7 45
5 7 8 44
5 7 9 44
5 8 1 54
5 8 2 53
5 8 3 51
5 8 4 51
5 8 5 50
5 8 6 48
5 8 7 45
5 8 8 44
5 8 9 42
5 9 1 51
5 9 2 52
5 9 3 51
5 9 4 49
5 9 5 46
5 9 6 47
5 9 7 43
5 9 8 42
5 9 9 41
6 0 1 63
6 0 5 64
6 0 7 43
6 1 1 66
6 1 2 67
6 1 3 69
6 1 4 70
6 1 5 65
6 1 6 61
6 1 7 52
6 1 8 43
6 1 9 40
6 2 1 67
6 2 3 74
6 2 5 66
6 2 7 54
6 2 9 46
6 3 1 68
6 3 2 72
6 3 4 70
6 3 5 65
6 3 7 56
6 3 8 55
6 4 1 67
6 4 3 67
6 4 5 63
6 4 7 55
6 4 9 49
6 5 1 63
6 5 2 62
6 5 3 63
6 5 4 64
6 5 5 61
6 5 6 58
6 5 7 57
6 5 8 53
6 5 9 51
6 6 1 62
6 6 5 60
6 6 7 55
6 7 1 63
6 7 2 63
6 7 3 64
6 7 4 63
6 7 5 58
6 7 6 54
6 7 7 52
6 7 8 44
6 7 9 44
6 8 1 61
6 8 3 58
6 8 5 59
6 8 7 50
6 8 9 45
6 9 1 55
6 9 2 53
6 9 4 56
6 9 5 55
6 9 7 50
6 9 8 48
7 0 1 64
7 0 2 63
7 0 3 66
7 0 4 68
7 0 5 69
7 0 6 64
7 0 8 43
7 0 9 40
7 1 1 66
7 1 2 67
7 1 3 69
7 1 4 70
7 1 5 70
7 1 6 63
7 1 7 60
7 1 8 52
7 1 9 46
7 2 1 67
7 2 2 67
7 2 3 71
7 2 4 71
7 2 5 69
7 2 6 68
7 2 7 64
7 2 8 57
7 2 9 52
7 3 1 70
7 3 2 71
7 3 3 72
7 3 4 74
7 3 5 69
7 3 6 64
7 3 7 63
7 3 8 55
7 3 9 54
7 4 1 68
7 4 2 69
7 4 3 71
7 4 4 70
7 4 5 65
7 4 6 64
7 4 7 61
7 4 8 57
7 4 9 55
7 5 1 65
7 5 2 64
7 5 3 67
7 5 4 64
7 5 5 64
7 5 6 62
7 5 7 60
7 5 8 57
7 5 9 54
7 6 1 63
7 6 2 62
7 6 3 64
7 6 4 63
7 6 5 63
7 6 6 61
7 6 7 58
7 6 8 57
7 6 9 53
7 7 1 62
7 7 2 62
7 7 3 64
7 7 4 63
7 7 5 62
7 7 6 61
7 7 8 55
7 7 9 51
7 8 1 62
7 8 2 64
7 8 3 66
7 8 4 67
7 8 5 62
7 8 6 58
7 8 7 56
7 8 8 52
7 8 9 48
7 9 1 61
7 9 2 62
7 9 3 61
7 9 4 60
7 9 5 61
7 9 6 57
7 9 7 54
7 9 8 52
7 9 9 49
8 0 1 64
8 0 3 66
8 0 5 66
8 0 7 64
8 0 9 44
8 1 1 65
8 1 2 65
8 1 3 69
8 1 4 71
8 1 5 71
8 1 6 68
8 1 7 63
8 1 8 58
8 1 9 51
8 2 1 66
8 2 3 69
8 2 5 71
8 2 7 66
8 2 9 58
8 3 1 67
8 3 2 70
8 3 3 72
8 3 4 72
8 3 5 71
8 3 6 68
8 3 7 63
8 3 8 60
8 3 9 58
8 4 1 68
8 4 3 72
8 4 5 71
8 4 7 65
8 4 9 56
8 5 1 67
8 5 2 67
8 5 3 68
8 5 4 69
8 5 5 65
8 5 6 65
8 5 7 63
8 5 8 60
8 5 9 60
8 6 1 64
8 6 3 65
8 6 5 64
8 6 7 62
8 6 9 57
8 7 1 63
8 7 2 62
8 7 3 63
8 7 4 63
8 7 5 64
8 7 6 62
8 7 7 61
8 7 8 59
8 7 9 57
8 8 1 62
8 8 3 63
8 8 5 64
8 8 7 61
8 8 9 56
8 9 1 61
8 9 2 64
8 9 3 63
8 9 4 66
8 9 5 65
8 9 6 61
8 9 7 58
8 9 8 56
8 9 9 52
9 0 1 63
9 0 2 64
9 0 4 66
9 0 5 66
9 0 7 64
9 0 8 62
9 1 1 64
9 1 2 66
9 1 3 67
9 1 4 69
9 1 5 70
9 1 6 70
9 1 7 65
9 1 8 63
9 1 9 58
9 2 1 65
9 2 2 68
9 2 3 69
9 2 4 70
9 2 5 71
9 2 6 71
9 2 7 68
9 2 8 65
9 2 9 65
9 3 1 66
9 3 2 67
9 3 4 73
9 3 5 72
9 3 7 68
9 3 8 65
9 4 1 70
9 4 2 69
9 4 3 71
9 4 4 74
9 4 5 73
9 4 6 69
9 4 7 68
9 4 8 65
9 4 9 62
9 5 1 68
9 5 2 70
9 5 3 70
9 5 4 72
9 5 5 70
9 5 6 67
9 5 7 65
9 5 8 64
9 5 9 61
9 6 1 67
9 6 2 66
9 6 4 68
9 6 5 65
9 6 7 63
9 6 8 62
9 7 1 63
9 7 2 61
9 7 3 64
9 7 4 66
9 7 5 66
9 7 6 64
9 7 7 62
9 7 8 62
9 7 9 59
9 8 1 62
9 8 2 63
9 8 3 62
9 8 4 64
9 8 5 63
9 8 6 63
9 8 7 62
9 8 8 60
9 8 9 59
9 9 1 62
9 9 2 62
9 9 4 65
9 9 5 63
9 9 7 60
9 9 8 61
