Kết quả truy vấn cho index tách token gồm 1 từ, lấy top 5 kết quả trả về
mỗi dòng gồm 4 số: (x y z result), trong đó:
- x: trọng số của question.Title,
- y: trọng số của question.Body,
- z: trọng số của ans.Body,
- result: số lượng câu trả về có kết quả đúng 
    (kết quả đúng: câu trả lời mong muốn ứng với câu truy vấn nằm trong top 5 câu trả về từ hệ thống) 
    trong số 200 câu hỏi truy vấn lên hệ thống, khi dùng trọng số (x y z) cho các trường dữ liệu (question.Title, question.Body, ans.Body)
Một số truy vấn được lược bỏ khi các trọng số tỉ lệ với trọng số của truy vấn trước đó, vì cho kết quả giống nhau
    (ví dụ: (x y z) = (3 6 3) sẽ cho ra kết quả trùng với (x y z) = (1 2 1))
Kết quả tốt nhất: 96 - trọng số (9 2 1)

0 0 1 8
0 1 1 29
0 1 2 22
0 1 3 17
0 1 4 14
0 1 5 11
0 1 6 9
0 1 7 8
0 1 8 7
0 1 9 6
0 2 1 34
0 2 3 26
0 2 5 19
0 2 7 14
0 2 9 12
0 3 1 36
0 3 2 33
0 3 4 26
0 3 5 23
0 3 7 20
0 3 8 17
0 4 1 38
0 4 3 31
0 4 5 25
0 4 7 24
0 4 9 21
0 5 1 37
0 5 2 34
0 5 3 34
0 5 4 31
0 5 6 27
0 5 7 26
0 5 8 24
0 5 9 24
0 6 1 35
0 6 5 30
0 6 7 29
0 7 1 35
0 7 2 38
0 7 3 34
0 7 4 34
0 7 5 31
0 7 6 31
0 7 8 29
0 7 9 25
0 8 1 35
0 8 3 35
0 8 5 33
0 8 7 31
0 8 9 29
0 9 1 35
0 9 2 37
0 9 4 34
0 9 5 34
0 9 7 31
0 9 8 30
1 0 1 72
1 0 2 50
1 0 3 40
1 0 4 31
1 0 5 24
1 0 6 22
1 0 7 17
1 0 8 14
1 0 9 11
1 1 1 77
1 1 2 59
1 1 3 46
1 1 4 41
1 1 5 34
1 1 6 26
1 1 7 22
1 1 8 21
1 1 9 20
1 2 1 71
1 2 2 58
1 2 3 50
1 2 4 39
1 2 5 36
1 2 6 34
1 2 7 30
1 2 8 26
1 2 9 23
1 3 1 59
1 3 2 54
1 3 3 50
1 3 4 45
1 3 5 38
1 3 6 35
1 3 7 33
1 3 8 31
1 3 9 30
1 4 1 57
1 4 2 53
1 4 3 47
1 4 4 44
1 4 5 40
1 4 6 35
1 4 7 33
1 4 8 34
1 4 9 32
1 5 1 57
1 5 2 50
1 5 3 46
1 5 4 43
1 5 5 41
1 5 6 38
1 5 7 35
1 5 8 33
1 5 9 32
1 6 1 52
1 6 2 51
1 6 3 46
1 6 4 42
1 6 5 41
1 6 6 38
1 6 7 37
1 6 8 34
1 6 9 32
1 7 1 50
1 7 2 50
1 7 3 45
1 7 4 42
1 7 5 39
1 7 6 38
1 7 7 36
1 7 8 36
1 7 9 33
1 8 1 49
1 8 2 49
1 8 3 45
1 8 4 41
1 8 5 39
1 8 6 38
1 8 7 38
1 8 8 35
1 8 9 34
1 9 1 46
1 9 2 49
1 9 3 46
1 9 4 40
1 9 5 37
1 9 6 38
1 9 7 38
1 9 8 38
1 9 9 33
2 0 1 77
2 0 3 58
2 0 5 45
2 0 7 35
2 0 9 27
2 1 1 91
2 1 2 75
2 1 3 68
2 1 4 57
2 1 5 50
2 1 6 42
2 1 7 37
2 1 8 35
2 1 9 33
2 2 1 85
2 2 3 70
2 2 5 55
2 2 7 42
2 2 9 36
2 3 1 78
2 3 2 72
2 3 3 70
2 3 4 60
2 3 5 50
2 3 6 47
2 3 7 42
2 3 8 40
2 3 9 37
2 4 1 71
2 4 3 63
2 4 5 55
2 4 7 44
2 4 9 37
2 5 1 67
2 5 2 65
2 5 3 62
2 5 4 56
2 5 5 53
2 5 6 50
2 5 7 46
2 5 8 44
2 5 9 37
2 6 1 60
2 6 3 58
2 6 5 50
2 6 7 48
2 6 9 41
2 7 1 57
2 7 2 57
2 7 3 55
2 7 4 53
2 7 5 50
2 7 6 48
2 7 7 49
2 7 8 48
2 7 9 44
2 8 1 55
2 8 3 57
2 8 5 49
2 8 7 46
2 8 9 42
2 9 1 54
2 9 2 57
2 9 3 55
2 9 4 49
2 9 5 48
2 9 6 47
2 9 7 43
2 9 8 44
2 9 9 44
3 0 1 80
3 0 2 77
3 0 4 61
3 0 5 54
3 0 7 46
3 0 8 43
3 1 1 92
3 1 2 84
3 1 3 76
3 1 4 69
3 1 5 59
3 1 6 55
3 1 7 50
3 1 8 44
3 1 9 39
3 2 1 93
3 2 2 82
3 2 3 75
3 2 4 73
3 2 5 62
3 2 6 59
3 2 7 52
3 2 8 50
3 2 9 41
3 3 1 90
3 3 2 84
3 3 4 72
3 3 5 66
3 3 7 58
3 3 8 50
3 4 1 90
3 4 2 80
3 4 3 77
3 4 4 72
3 4 5 68
3 4 6 59
3 4 7 53
3 4 8 51
3 4 9 49
3 5 1 79
3 5 2 76
3 5 3 71
3 5 4 70
3 5 5 67
3 5 6 59
3 5 7 54
3 5 8 52
3 5 9 49
3 6 1 71
3 6 2 70
3 6 4 66
3 6 5 66
3 6 7 56
3 6 8 53
3 7 1 71
3 7 2 64
3 7 3 65
3 7 4 64
3 7 5 59
3 7 6 57
3 7 7 53
3 7 8 52
3 7 9 51
3 8 1 62
3 8 2 64
3 8 3 64
3 8 4 61
3 8 5 59
3 8 6 56
3 8 7 53
3 8 8 51
3 8 9 50
3 9 1 61
3 9 2 61
3 9 4 58
3 9 5 56
3 9 7 54
3 9 8 51
4 0 1 82
4 0 3 76
4 0 5 63
4 0 7 53
4 0 9 47
4 1 1 95
4 1 2 86
4 1 3 82
4 1 4 76
4 1 5 72
4 1 6 63
4 1 7 57
4 1 8 54
4 1 9 47
4 2 1 89
4 2 3 81
4 2 5 73
4 2 7 60
4 2 9 54
4 3 1 91
4 3 2 86
4 3 3 81
4 3 4 78
4 3 5 73
4 3 6 69
4 3 7 62
4 3 8 59
4 3 9 58
4 4 1 91
4 4 3 82
4 4 5 74
4 4 7 66
4 4 9 59
4 5 1 89
4 5 2 86
4 5 3 78
4 5 4 77
4 5 5 72
4 5 6 72
4 5 7 66
4 5 8 60
4 5 9 56
4 6 1 87
4 6 3 78
4 6 5 71
4 6 7 66
4 6 9 54
4 7 1 82
4 7 2 75
4 7 3 75
4 7 4 72
4 7 5 70
4 7 6 68
4 7 7 65
4 7 8 59
4 7 9 56
4 8 1 74
4 8 3 71
4 8 5 67
4 8 7 64
4 8 9 56
4 9 1 73
4 9 2 69
4 9 3 67
4 9 4 67
4 9 5 64
4 9 6 63
4 9 7 59
4 9 8 57
4 9 9 54
5 0 1 83
5 0 2 79
5 0 3 79
5 0 4 76
5 0 6 65
5 0 7 59
5 0 8 55
5 0 9 53
5 1 1 93
5 1 2 89
5 1 3 86
5 1 4 81
5 1 5 77
5 1 6 73
5 1 7 65
5 1 8 59
5 1 9 56
5 2 1 91
5 2 2 89
5 2 3 83
5 2 4 81
5 2 5 74
5 2 6 76
5 2 7 69
5 2 8 63
5 2 9 57
5 3 1 92
5 3 2 93
5 3 3 87
5 3 4 83
5 3 5 74
5 3 6 74
5 3 7 70
5 3 8 64
5 3 9 59
5 4 1 90
5 4 2 90
5 4 3 83
5 4 4 82
5 4 5 79
5 4 6 74
5 4 7 71
5 4 8 69
5 4 9 61
5 5 1 91
5 5 2 87
5 5 3 83
5 5 4 80
5 5 6 74
5 5 7 70
5 5 8 66
5 5 9 66
5 6 1 88
5 6 2 87
5 6 3 83
5 6 4 79
5 6 5 77
5 6 6 72
5 6 7 72
5 6 8 70
5 6 9 66
5 7 1 88
5 7 2 85
5 7 3 83
5 7 4 77
5 7 5 74
5 7 6 73
5 7 7 72
5 7 8 70
5 7 9 66
5 8 1 84
5 8 2 79
5 8 3 78
5 8 4 77
5 8 5 72
5 8 6 71
5 8 7 68
5 8 8 68
5 8 9 65
5 9 1 79
5 9 2 73
5 9 3 73
5 9 4 74
5 9 5 71
5 9 6 70
5 9 7 69
5 9 8 68
5 9 9 62
6 0 1 86
6 0 5 76
6 0 7 66
6 1 1 92
6 1 2 92
6 1 3 84
6 1 4 82
6 1 5 80
6 1 6 77
6 1 7 73
6 1 8 66
6 1 9 63
6 2 1 89
6 2 3 89
6 2 5 81
6 2 7 75
6 2 9 65
6 3 1 91
6 3 2 91
6 3 4 85
6 3 5 79
6 3 7 75
6 3 8 70
6 4 1 92
6 4 3 90
6 4 5 82
6 4 7 75
6 4 9 68
6 5 1 90
6 5 2 92
6 5 3 83
6 5 4 82
6 5 5 82
6 5 6 79
6 5 7 74
6 5 8 71
6 5 9 70
6 6 1 89
6 6 5 79
6 6 7 75
6 7 1 86
6 7 2 91
6 7 3 88
6 7 4 84
6 7 5 78
6 7 6 77
6 7 7 73
6 7 8 72
6 7 9 72
6 8 1 87
6 8 3 83
6 8 5 78
6 8 7 73
6 8 9 72
6 9 1 85
6 9 2 85
6 9 4 81
6 9 5 78
6 9 7 73
6 9 8 71
7 0 1 84
7 0 2 80
7 0 3 78
7 0 4 79
7 0 5 76
7 0 6 76
7 0 8 68
7 0 9 63
7 1 1 92
7 1 2 92
7 1 3 86
7 1 4 85
7 1 5 82
7 1 6 79
7 1 7 75
7 1 8 71
7 1 9 66
7 2 1 93
7 2 2 92
7 2 3 92
7 2 4 86
7 2 5 83
7 2 6 79
7 2 7 76
7 2 8 76
7 2 9 69
7 3 1 92
7 3 2 89
7 3 3 89
7 3 4 86
7 3 5 82
7 3 6 78
7 3 7 74
7 3 8 75
7 3 9 71
7 4 1 92
7 4 2 91
7 4 3 92
7 4 4 89
7 4 5 85
7 4 6 79
7 4 7 75
7 4 8 76
7 4 9 76
7 5 1 90
7 5 2 95
7 5 3 92
7 5 4 84
7 5 5 82
7 5 6 81
7 5 7 76
7 5 8 75
7 5 9 72
7 6 1 89
7 6 2 92
7 6 3 88
7 6 4 83
7 6 5 81
7 6 6 80
7 6 7 79
7 6 8 74
7 6 9 72
7 7 1 88
7 7 2 90
7 7 3 86
7 7 4 83
7 7 5 83
7 7 6 79
7 7 8 75
7 7 9 73
7 8 1 86
7 8 2 90
7 8 3 89
7 8 4 85
7 8 5 83
7 8 6 79
7 8 7 76
7 8 8 74
7 8 9 72
7 9 1 86
7 9 2 89
7 9 3 87
7 9 4 84
7 9 5 80
7 9 6 77
7 9 7 77
7 9 8 75
7 9 9 72
8 0 1 84
8 0 3 80
8 0 5 79
8 0 7 77
8 0 9 69
8 1 1 87
8 1 2 92
8 1 3 87
8 1 4 82
8 1 5 81
8 1 6 81
8 1 7 78
8 1 8 75
8 1 9 71
8 2 1 95
8 2 3 95
8 2 5 83
8 2 7 79
8 2 9 73
8 3 1 92
8 3 2 89
8 3 3 91
8 3 4 88
8 3 5 83
8 3 6 81
8 3 7 78
8 3 8 75
8 3 9 74
8 4 1 93
8 4 3 90
8 4 5 87
8 4 7 78
8 4 9 75
8 5 1 93
8 5 2 90
8 5 3 93
8 5 4 91
8 5 5 86
8 5 6 83
8 5 7 80
8 5 8 73
8 5 9 75
8 6 1 90
8 6 3 89
8 6 5 84
8 6 7 81
8 6 9 75
8 7 1 90
8 7 2 93
8 7 3 88
8 7 4 82
8 7 5 83
8 7 6 81
8 7 7 80
8 7 8 78
8 7 9 76
8 8 1 86
8 8 3 86
8 8 5 84
8 8 7 79
8 8 9 75
8 9 1 86
8 9 2 90
8 9 3 87
8 9 4 86
8 9 5 84
8 9 6 82
8 9 7 78
8 9 8 77
8 9 9 75
9 0 1 84
9 0 2 82
9 0 4 79
9 0 5 79
9 0 7 75
9 0 8 77
9 1 1 87
9 1 2 92
9 1 3 91
9 1 4 85
9 1 5 84
9 1 6 81
9 1 7 81
9 1 8 78
9 1 9 75
9 2 1 96
9 2 2 94
9 2 3 93
9 2 4 88
9 2 5 86
9 2 6 84
9 2 7 80
9 2 8 79
9 2 9 75
9 3 1 94
9 3 2 90
9 3 4 88
9 3 5 86
9 3 7 82
9 3 8 80
9 4 1 93
9 4 2 90
9 4 3 92
9 4 4 88
9 4 5 88
9 4 6 84
9 4 7 82
9 4 8 77
9 4 9 75
9 5 1 93
9 5 2 92
9 5 3 92
9 5 4 92
9 5 5 89
9 5 6 86
9 5 7 81
9 5 8 79
9 5 9 75
9 6 1 88
9 6 2 93
9 6 4 90
9 6 5 90
9 6 7 81
9 6 8 79
9 7 1 89
9 7 2 91
9 7 3 90
9 7 4 88
9 7 5 84
9 7 6 80
9 7 7 81
9 7 8 81
9 7 9 77
9 8 1 89
9 8 2 92
9 8 3 90
9 8 4 86
9 8 5 82
9 8 6 83
9 8 7 81
9 8 8 80
9 8 9 78
9 9 1 88
9 9 2 91
9 9 4 85
9 9 5 83
9 9 7 81
9 9 8 77
